# Radius per segment (in mm): 10.0, 40.0, 50.0, 30.0, 20.0
Timestep,Temp_Node_1,Temp_Node_2,Temp_Node_3,Temp_Node_4,Temp_Node_5,Temp_Node_6
0,2.00000e+01,2.00000e+01,2.00000e+01,2.00000e+01,2.00000e+01,2.00000e+01
1,1.58518e+01,1.52634e+01,1.60737e+01,1.64298e+01,1.79515e+01,1.99549e+01
2,1.58091e+01,1.52211e+01,1.60309e+01,1.63868e+01,1.79076e+01,1.99097e+01
3,1.57664e+01,1.51788e+01,1.59881e+01,1.63439e+01,1.78638e+01,1.98647e+01
4,1.57239e+01,1.51365e+01,1.59454e+01,1.63009e+01,1.78199e+01,1.98197e+01
5,1.56814e+01,1.50944e+01,1.59027e+01,1.62581e+01,1.77762e+01,1.97748e+01
6,1.56389e+01,1.50523e+01,1.58602e+01,1.62153e+01,1.77325e+01,1.97299e+01
7,1.55965e+01,1.50102e+01,1.58177e+01,1.61726e+01,1.76889e+01,1.96851e+01
8,1.55543e+01,1.49683e+01,1.57753e+01,1.61300e+01,1.76454e+01,1.96404e+01
9,1.55121e+01,1.49265e+01,1.57329e+01,1.60875e+01,1.76020e+01,1.95959e+01
10,1.54700e+01,1.48847e+01,1.56907e+01,1.60450e+01,1.75587e+01,1.95514e+01
11,1.54280e+01,1.48431e+01,1.56486e+01,1.60027e+01,1.75155e+01,1.95070e+01
12,1.53862e+01,1.48016e+01,1.56067e+01,1.59605e+01,1.74724e+01,1.94628e+01
13,1.53445e+01,1.47602e+01,1.55648e+01,1.59185e+01,1.74295e+01,1.94187e+01
14,1.53029e+01,1.47189e+01,1.55231e+01,1.58766e+01,1.73867e+01,1.93748e+01
15,1.52614e+01,1.46778e+01,1.54815e+01,1.58348e+01,1.73441e+01,1.93310e+01
16,1.52201e+01,1.46369e+01,1.54401e+01,1.57932e+01,1.73016e+01,1.92874e+01
17,1.51790e+01,1.45961e+01,1.53988e+01,1.57517e+01,1.72593e+01,1.92439e+01
18,1.51380e+01,1.45554e+01,1.53578e+01,1.57104e+01,1.72171e+01,1.92006e+01
19,1.50972e+01,1.45150e+01,1.53168e+01,1.56693e+01,1.71751e+01,1.91575e+01
20,1.50566e+01,1.44747e+01,1.52761e+01,1.56284e+01,1.71334e+01,1.91146e+01
21,1.50162e+01,1.44346e+01,1.52356e+01,1.55877e+01,1.70918e+01,1.90719e+01
22,1.49760e+01,1.43947e+01,1.51952e+01,1.55471e+01,1.70504e+01,1.90294e+01
23,1.49360e+01,1.43550e+01,1.51551e+01,1.55068e+01,1.70092e+01,1.89872e+01
24,1.48962e+01,1.43155e+01,1.51152e+01,1.54667e+01,1.69683e+01,1.89451e+01
25,1.48566e+01,1.42763e+01,1.50755e+01,1.54268e+01,1.69276e+01,1.89033e+01
26,1.48173e+01,1.42372e+01,1.50360e+01,1.53871e+01,1.68871e+01,1.88618e+01
27,1.47782e+01,1.41985e+01,1.49968e+01,1.53477e+01,1.68469e+01,1.88205e+01
28,1.47393e+01,1.41599e+01,1.49578e+01,1.53086e+01,1.68069e+01,1.87794e+01
29,1.47007e+01,1.41216e+01,1.49191e+01,1.52696e+01,1.67672e+01,1.87386e+01
30,1.46623e+01,1.40835e+01,1.48806e+01,1.52310e+01,1.67277e+01,1.86981e+01
31,1.46243e+01,1.40458e+01,1.48424e+01,1.51926e+01,1.66885e+01,1.86579e+01
32,1.45864e+01,1.40082e+01,1.48045e+01,1.51545e+01,1.66496e+01,1.86179e+01
33,1.45489e+01,1.39710e+01,1.47668e+01,1.51166e+01,1.66110e+01,1.85783e+01
34,1.45116e+01,1.39341e+01,1.47295e+01,1.50791e+01,1.65727e+01,1.85389e+01
35,1.44747e+01,1.38974e+01,1.46924e+01,1.50418e+01,1.65347e+01,1.84999e+01
36,1.44380e+01,1.38610e+01,1.46556e+01,1.50049e+01,1.64969e+01,1.84612e+01
37,1.44017e+01,1.38250e+01,1.46192e+01,1.49682e+01,1.64596e+01,1.84228e+01
38,1.43656e+01,1.37892e+01,1.45830e+01,1.49319e+01,1.64225e+01,1.83847e+01
39,1.43299e+01,1.37538e+01,1.45472e+01,1.48959e+01,1.63857e+01,1.83470e+01
40,1.42945e+01,1.37187e+01,1.45117e+01,1.48602e+01,1.63493e+01,1.83096e+01
41,1.42595e+01,1.36839e+01,1.44765e+01,1.48249e+01,1.63133e+01,1.82726e+01
42,1.42247e+01,1.36494e+01,1.44417e+01,1.47899e+01,1.62775e+01,1.82359e+01
43,1.41903e+01,1.36153e+01,1.44072e+01,1.47553e+01,1.62422e+01,1.81996e+01
44,1.41563e+01,1.35816e+01,1.43731e+01,1.47210e+01,1.62072e+01,1.81637e+01
45,1.41226e+01,1.35481e+01,1.43393e+01,1.46870e+01,1.61725e+01,1.81281e+01
46,1.40893e+01,1.35151e+01,1.43059e+01,1.46534e+01,1.61383e+01,1.80930e+01
47,1.40564e+01,1.34824e+01,1.42728e+01,1.46202e+01,1.61044e+01,1.80582e+01
48,1.40238e+01,1.34501e+01,1.42402e+01,1.45874e+01,1.60709e+01,1.80238e+01
49,1.39916e+01,1.34182e+01,1.42079e+01,1.45550e+01,1.60378e+01,1.79898e+01
50,1.39598e+01,1.33866e+01,1.41760e+01,1.45229e+01,1.60050e+01,1.79562e+01
51,1.39284e+01,1.33554e+01,1.41444e+01,1.44912e+01,1.59727e+01,1.79230e+01
52,1.38973e+01,1.33246e+01,1.41133e+01,1.44600e+01,1.59408e+01,1.78902e+01
53,1.38667e+01,1.32942e+01,1.40826e+01,1.44291e+01,1.59093e+01,1.78579e+01
54,1.38365e+01,1.32643e+01,1.40523e+01,1.43986e+01,1.58782e+01,1.78260e+01
55,1.38067e+01,1.32347e+01,1.40224e+01,1.43686e+01,1.58475e+01,1.77945e+01
56,1.37772e+01,1.32055e+01,1.39929e+01,1.43389e+01,1.58173e+01,1.77635e+01
57,1.37483e+01,1.31767e+01,1.39638e+01,1.43097e+01,1.57875e+01,1.77329e+01
58,1.37197e+01,1.31484e+01,1.39351e+01,1.42809e+01,1.57581e+01,1.77027e+01
59,1.36915e+01,1.31205e+01,1.39069e+01,1.42525e+01,1.57291e+01,1.76730e+01
60,1.36638e+01,1.30930e+01,1.38791e+01,1.42246e+01,1.57006e+01,1.76437e+01
61,1.36365e+01,1.30659e+01,1.38517e+01,1.41971e+01,1.56726e+01,1.76149e+01
62,1.36097e+01,1.30393e+01,1.38248e+01,1.41701e+01,1.56450e+01,1.75866e+01
63,1.35833e+01,1.30131e+01,1.37983e+01,1.41434e+01,1.56178e+01,1.75587e+01
64,1.35573e+01,1.29873e+01,1.37723e+01,1.41173e+01,1.55911e+01,1.75313e+01
65,1.35318e+01,1.29620e+01,1.37467e+01,1.40916e+01,1.55649e+01,1.75044e+01
66,1.35068e+01,1.29372e+01,1.37216e+01,1.40663e+01,1.55391e+01,1.74779e+01
67,1.34822e+01,1.29127e+01,1.36969e+01,1.40415e+01,1.55138e+01,1.74520e+01
68,1.34580e+01,1.28888e+01,1.36727e+01,1.40172e+01,1.54890e+01,1.74265e+01
69,1.34343e+01,1.28653e+01,1.36489e+01,1.39933e+01,1.54646e+01,1.74015e+01
70,1.34111e+01,1.28422e+01,1.36256e+01,1.39699e+01,1.54407e+01,1.73769e+01
71,1.33883e+01,1.28197e+01,1.36028e+01,1.39470e+01,1.54173e+01,1.73529e+01
72,1.33661e+01,1.27975e+01,1.35804e+01,1.39245e+01,1.53944e+01,1.73294e+01
73,1.33442e+01,1.27759e+01,1.35585e+01,1.39025e+01,1.53719e+01,1.73064e+01
74,1.33229e+01,1.27547e+01,1.35371e+01,1.38810e+01,1.53500e+01,1.72838e+01
75,1.33020e+01,1.27340e+01,1.35162e+01,1.38600e+01,1.53285e+01,1.72618e+01
76,1.32816e+01,1.27138e+01,1.34957e+01,1.38394e+01,1.53076e+01,1.72403e+01
77,1.32617e+01,1.26940e+01,1.34758e+01,1.38193e+01,1.52871e+01,1.72193e+01
78,1.32423e+01,1.26747e+01,1.34563e+01,1.37998e+01,1.52671e+01,1.71987e+01
79,1.32233e+01,1.26559e+01,1.34373e+01,1.37806e+01,1.52476e+01,1.71787e+01
80,1.32048e+01,1.26376e+01,1.34187e+01,1.37620e+01,1.52286e+01,1.71592e+01
81,1.31868e+01,1.26197e+01,1.34007e+01,1.37439e+01,1.52101e+01,1.71402e+01
82,1.31693e+01,1.26024e+01,1.33831e+01,1.37263e+01,1.51921e+01,1.71218e+01
83,1.31523e+01,1.25855e+01,1.33661e+01,1.37091e+01,1.51746e+01,1.71038e+01
84,1.31358e+01,1.25691e+01,1.33495e+01,1.36924e+01,1.51576e+01,1.70864e+01
85,1.31197e+01,1.25532e+01,1.33334e+01,1.36763e+01,1.51411e+01,1.70694e+01
86,1.31042e+01,1.25377e+01,1.33178e+01,1.36606e+01,1.51251e+01,1.70530e+01
87,1.30891e+01,1.25228e+01,1.33027e+01,1.36454e+01,1.51096e+01,1.70371e+01
88,1.30745e+01,1.25083e+01,1.32880e+01,1.36307e+01,1.50946e+01,1.70217e+01
89,1.30604e+01,1.24943e+01,1.32739e+01,1.36165e+01,1.50801e+01,1.70068e+01
90,1.30468e+01,1.24808e+01,1.32602e+01,1.36028e+01,1.50661e+01,1.69925e+01
91,1.30337e+01,1.24678e+01,1.32471e+01,1.35896e+01,1.50526e+01,1.69786e+01
92,1.30211e+01,1.24553e+01,1.32344e+01,1.35768e+01,1.50396e+01,1.69653e+01
93,1.30089e+01,1.24432e+01,1.32222e+01,1.35646e+01,1.50271e+01,1.69525e+01
94,1.29973e+01,1.24317e+01,1.32105e+01,1.35528e+01,1.50151e+01,1.69402e+01
95,1.29861e+01,1.24206e+01,1.31993e+01,1.35416e+01,1.50037e+01,1.69284e+01
96,1.29754e+01,1.24100e+01,1.31886e+01,1.35308e+01,1.49927e+01,1.69171e+01
97,1.29652e+01,1.23998e+01,1.31784e+01,1.35205e+01,1.49822e+01,1.69063e+01
98,1.29554e+01,1.23902e+01,1.31686e+01,1.35107e+01,1.49722e+01,1.68961e+01
99,1.29462e+01,1.23810e+01,1.31593e+01,1.35014e+01,1.49626e+01,1.68863e+01
100,1.29374e+01,1.23723e+01,1.31505e+01,1.34926e+01,1.49536e+01,1.68770e+01
101,1.29291e+01,1.23641e+01,1.31422e+01,1.34842e+01,1.49451e+01,1.68683e+01
102,1.29213e+01,1.23563e+01,1.31344e+01,1.34763e+01,1.49371e+01,1.68600e+01
103,1.29140e+01,1.23490e+01,1.31270e+01,1.34689e+01,1.49295e+01,1.68523e+01
104,1.29071e+01,1.23422e+01,1.31201e+01,1.34620e+01,1.49224e+01,1.68450e+01
105,1.29007e+01,1.23359e+01,1.31137e+01,1.34555e+01,1.49159e+01,1.68383e+01
106,1.28948e+01,1.23300e+01,1.31077e+01,1.34495e+01,1.49097e+01,1.68320e+01
107,1.28893e+01,1.23245e+01,1.31022e+01,1.34440e+01,1.49041e+01,1.68262e+01
108,1.28842e+01,1.23195e+01,1.30972e+01,1.34390e+01,1.48989e+01,1.68209e+01
109,1.28797e+01,1.23150e+01,1.30926e+01,1.34344e+01,1.48942e+01,1.68161e+01
110,1.28756e+01,1.23109e+01,1.30885e+01,1.34302e+01,1.48900e+01,1.68118e+01
111,1.28719e+01,1.23073e+01,1.30848e+01,1.34265e+01,1.48863e+01,1.68079e+01
112,1.28687e+01,1.23041e+01,1.30816e+01,1.34233e+01,1.48830e+01,1.68045e+01
113,1.28659e+01,1.23014e+01,1.30788e+01,1.34205e+01,1.48801e+01,1.68016e+01
114,1.28636e+01,1.22991e+01,1.30765e+01,1.34182e+01,1.48777e+01,1.67991e+01
115,1.28617e+01,1.22972e+01,1.30746e+01,1.34163e+01,1.48758e+01,1.67971e+01
116,1.28603e+01,1.22957e+01,1.30731e+01,1.34148e+01,1.48743e+01,1.67956e+01
117,1.28592e+01,1.22947e+01,1.30721e+01,1.34138e+01,1.48732e+01,1.67945e+01
118,1.28586e+01,1.22941e+01,1.30715e+01,1.34131e+01,1.48726e+01,1.67939e+01
119,1.28585e+01,1.22939e+01,1.30713e+01,1.34130e+01,1.48724e+01,1.67937e+01
120,1.28587e+01,1.22942e+01,1.30716e+01,1.34132e+01,1.48727e+01,1.67940e+01
121,1.28593e+01,1.22948e+01,1.30722e+01,1.34139e+01,1.48733e+01,1.67946e+01
122,1.28604e+01,1.22959e+01,1.30733e+01,1.34149e+01,1.48744e+01,1.67958e+01
123,1.28619e+01,1.22973e+01,1.30747e+01,1.34164e+01,1.48759e+01,1.67973e+01
124,1.28637e+01,1.22992e+01,1.30766e+01,1.34183e+01,1.48778e+01,1.67993e+01
125,1.28660e+01,1.23014e+01,1.30788e+01,1.34205e+01,1.48801e+01,1.68016e+01
126,1.28686e+01,1.23040e+01,1.30815e+01,1.34232e+01,1.48829e+01,1.68044e+01
127,1.28716e+01,1.23070e+01,1.30845e+01,1.34262e+01,1.48860e+01,1.68076e+01
128,1.28750e+01,1.23104e+01,1.30879e+01,1.34297e+01,1.48895e+01,1.68112e+01
129,1.28788e+01,1.23141e+01,1.30917e+01,1.34335e+01,1.48933e+01,1.68152e+01
130,1.28829e+01,1.23182e+01,1.30959e+01,1.34376e+01,1.48976e+01,1.68195e+01
131,1.28874e+01,1.23227e+01,1.31004e+01,1.34422e+01,1.49022e+01,1.68243e+01
132,1.28923e+01,1.23275e+01,1.31052e+01,1.34471e+01,1.49072e+01,1.68294e+01
133,1.28975e+01,1.23327e+01,1.31105e+01,1.34523e+01,1.49126e+01,1.68349e+01
134,1.29030e+01,1.23382e+01,1.31160e+01,1.34579e+01,1.49183e+01,1.68408e+01
135,1.29089e+01,1.23440e+01,1.31219e+01,1.34638e+01,1.49243e+01,1.68470e+01
136,1.29151e+01,1.23502e+01,1.31282e+01,1.34701e+01,1.49307e+01,1.68535e+01
137,1.29217e+01,1.23567e+01,1.31347e+01,1.34767e+01,1.49374e+01,1.68604e+01
138,1.29285e+01,1.23635e+01,1.31416e+01,1.34836e+01,1.49445e+01,1.68677e+01
139,1.29357e+01,1.23706e+01,1.31488e+01,1.34908e+01,1.49519e+01,1.68752e+01
140,1.29432e+01,1.23780e+01,1.31563e+01,1.34984e+01,1.49596e+01,1.68831e+01
141,1.29510e+01,1.23857e+01,1.31641e+01,1.35062e+01,1.49676e+01,1.68913e+01
142,1.29590e+01,1.23937e+01,1.31722e+01,1.35143e+01,1.49759e+01,1.68999e+01
143,1.29674e+01,1.24020e+01,1.31806e+01,1.35228e+01,1.49844e+01,1.69087e+01
144,1.29760e+01,1.24106e+01,1.31892e+01,1.35315e+01,1.49933e+01,1.69178e+01
145,1.29849e+01,1.24194e+01,1.31982e+01,1.35404e+01,1.50025e+01,1.69272e+01
146,1.29941e+01,1.24285e+01,1.32074e+01,1.35497e+01,1.50119e+01,1.69369e+01
147,1.30035e+01,1.24379e+01,1.32168e+01,1.35592e+01,1.50216e+01,1.69468e+01
148,1.30132e+01,1.24475e+01,1.32265e+01,1.35689e+01,1.50316e+01,1.69570e+01
149,1.30231e+01,1.24573e+01,1.32365e+01,1.35789e+01,1.50418e+01,1.69675e+01
150,1.30333e+01,1.24674e+01,1.32467e+01,1.35892e+01,1.50522e+01,1.69782e+01
151,1.30437e+01,1.24777e+01,1.32571e+01,1.35996e+01,1.50629e+01,1.69892e+01
152,1.30543e+01,1.24882e+01,1.32677e+01,1.36103e+01,1.50738e+01,1.70003e+01
153,1.30651e+01,1.24990e+01,1.32786e+01,1.36212e+01,1.50849e+01,1.70118e+01
154,1.30761e+01,1.25099e+01,1.32896e+01,1.36323e+01,1.50962e+01,1.70234e+01
155,1.30873e+01,1.25210e+01,1.33009e+01,1.36436e+01,1.51078e+01,1.70352e+01
156,1.30987e+01,1.25323e+01,1.33123e+01,1.36551e+01,1.51195e+01,1.70473e+01
157,1.31103e+01,1.25438e+01,1.33240e+01,1.36668e+01,1.51314e+01,1.70595e+01
158,1.31221e+01,1.25555e+01,1.33358e+01,1.36787e+01,1.51435e+01,1.70719e+01
159,1.31340e+01,1.25674e+01,1.33477e+01,1.36907e+01,1.51558e+01,1.70845e+01
160,1.31461e+01,1.25794e+01,1.33598e+01,1.37029e+01,1.51682e+01,1.70973e+01
161,1.31584e+01,1.25915e+01,1.33721e+01,1.37152e+01,1.51808e+01,1.71102e+01
162,1.31708e+01,1.26038e+01,1.33846e+01,1.37277e+01,1.51936e+01,1.71233e+01
163,1.31833e+01,1.26162e+01,1.33971e+01,1.37403e+01,1.52064e+01,1.71365e+01
164,1.31959e+01,1.26288e+01,1.34098e+01,1.37531e+01,1.52194e+01,1.71498e+01
165,1.32087e+01,1.26414e+01,1.34226e+01,1.37659e+01,1.52326e+01,1.71633e+01
166,1.32216e+01,1.26542e+01,1.34355e+01,1.37789e+01,1.52458e+01,1.71769e+01
167,1.32345e+01,1.26671e+01,1.34485e+01,1.37920e+01,1.52591e+01,1.71906e+01
168,1.32476e+01,1.26800e+01,1.34616e+01,1.38051e+01,1.52726e+01,1.72044e+01
169,1.32608e+01,1.26931e+01,1.34748e+01,1.38184e+01,1.52861e+01,1.72183e+01
170,1.32740e+01,1.27062e+01,1.34881e+01,1.38317e+01,1.52997e+01,1.72322e+01
171,1.32873e+01,1.27194e+01,1.35014e+01,1.38451e+01,1.53134e+01,1.72463e+01
172,1.33006e+01,1.27327e+01,1.35148e+01,1.38586e+01,1.53271e+01,1.72604e+01
173,1.33141e+01,1.27460e+01,1.35283e+01,1.38721e+01,1.53409e+01,1.72745e+01
174,1.33275e+01,1.27593e+01,1.35418e+01,1.38857e+01,1.53548e+01,1.72887e+01
175,1.33410e+01,1.27727e+01,1.35553e+01,1.38993e+01,1.53686e+01,1.73030e+01
176,1.33545e+01,1.27861e+01,1.35689e+01,1.39129e+01,1.53825e+01,1.73172e+01
177,1.33681e+01,1.27995e+01,1.35824e+01,1.39265e+01,1.53964e+01,1.73315e+01
178,1.33816e+01,1.28130e+01,1.35960e+01,1.39402e+01,1.54104e+01,1.73458e+01
179,1.33951e+01,1.28264e+01,1.36096e+01,1.39538e+01,1.54243e+01,1.73601e+01
180,1.34087e+01,1.28399e+01,1.36232e+01,1.39675e+01,1.54382e+01,1.73744e+01
181,1.34222e+01,1.28533e+01,1.36368e+01,1.39811e+01,1.54521e+01,1.73887e+01
182,1.34357e+01,1.28667e+01,1.36503e+01,1.39947e+01,1.54660e+01,1.74029e+01
183,1.34492e+01,1.28800e+01,1.36638e+01,1.40083e+01,1.54799e+01,1.74171e+01
184,1.34626e+01,1.28934e+01,1.36773e+01,1.40218e+01,1.54937e+01,1.74313e+01
185,1.34760e+01,1.29066e+01,1.36907e+01,1.40353e+01,1.55075e+01,1.74454e+01
186,1.34893e+01,1.29198e+01,1.37041e+01,1.40487e+01,1.55212e+01,1.74595e+01
187,1.35026e+01,1.29330e+01,1.37174e+01,1.40621e+01,1.55348e+01,1.74735e+01
188,1.35158e+01,1.29461e+01,1.37306e+01,1.40754e+01,1.55484e+01,1.74874e+01
189,1.35289e+01,1.29591e+01,1.37437e+01,1.40886e+01,1.55618e+01,1.75013e+01
190,1.35419e+01,1.29720e+01,1.37568e+01,1.41017e+01,1.55752e+01,1.75150e+01
191,1.35548e+01,1.29848e+01,1.37697e+01,1.41147e+01,1.55885e+01,1.75286e+01
192,1.35676e+01,1.29975e+01,1.37826e+01,1.41276e+01,1.56017e+01,1.75422e+01
193,1.35803e+01,1.30101e+01,1.37953e+01,1.41404e+01,1.56147e+01,1.75556e+01
194,1.35929e+01,1.30226e+01,1.38079e+01,1.41531e+01,1.56277e+01,1.75688e+01
195,1.36053e+01,1.30349e+01,1.38204e+01,1.41656e+01,1.56405e+01,1.75820e+01
196,1.36176e+01,1.30471e+01,1.38328e+01,1.41780e+01,1.56531e+01,1.75949e+01
197,1.36298e+01,1.30592e+01,1.38449e+01,1.41903e+01,1.56656e+01,1.76078e+01
198,1.36418e+01,1.30711e+01,1.38570e+01,1.42024e+01,1.56779e+01,1.76204e+01
199,1.36536e+01,1.30828e+01,1.38689e+01,1.42143e+01,1.56901e+01,1.76329e+01
200,1.36653e+01,1.30944e+01,1.38806e+01,1.42261e+01,1.57021e+01,1.76453e+01
201,1.36768e+01,1.31058e+01,1.38921e+01,1.42377e+01,1.57139e+01,1.76574e+01
202,1.36881e+01,1.31170e+01,1.39034e+01,1.42491e+01,1.57256e+01,1.76693e+01
203,1.36992e+01,1.31281e+01,1.39146e+01,1.42603e+01,1.57370e+01,1.76811e+01
204,1.37101e+01,1.31389e+01,1.39255e+01,1.42713e+01,1.57482e+01,1.76926e+01
205,1.37208e+01,1.31495e+01,1.39363e+01,1.42820e+01,1.57592e+01,1.77039e+01
206,1.37313e+01,1.31599e+01,1.39468e+01,1.42926e+01,1.57700e+01,1.77150e+01
207,1.37416e+01,1.31701e+01,1.39571e+01,1.43030e+01,1.57806e+01,1.77258e+01
208,1.37516e+01,1.31801e+01,1.39671e+01,1.43131e+01,1.57909e+01,1.77364e+01
209,1.37614e+01,1.31898e+01,1.39770e+01,1.43229e+01,1.58010e+01,1.77467e+01
210,1.37709e+01,1.31992e+01,1.39865e+01,1.43326e+01,1.58108e+01,1.77568e+01
211,1.37802e+01,1.32085e+01,1.39959e+01,1.43419e+01,1.58204e+01,1.77666e+01
212,1.37893e+01,1.32174e+01,1.40049e+01,1.43511e+01,1.58297e+01,1.77762e+01
213,1.37981e+01,1.32261e+01,1.40137e+01,1.43599e+01,1.58387e+01,1.77854e+01
214,1.38065e+01,1.32345e+01,1.40222e+01,1.43684e+01,1.58474e+01,1.77944e+01
215,1.38148e+01,1.32427e+01,1.40305e+01,1.43767e+01,1.58559e+01,1.78031e+01
216,1.38227e+01,1.32506e+01,1.40384e+01,1.43847e+01,1.58640e+01,1.78115e+01
217,1.38303e+01,1.32582e+01,1.40461e+01,1.43924e+01,1.58719e+01,1.78195e+01
218,1.38377e+01,1.32654e+01,1.40535e+01,1.43998e+01,1.58794e+01,1.78273e+01
219,1.38447e+01,1.32724e+01,1.40605e+01,1.44069e+01,1.58867e+01,1.78347e+01
220,1.38514e+01,1.32791e+01,1.40673e+01,1.44137e+01,1.58936e+01,1.78418e+01
221,1.38579e+01,1.32855e+01,1.40737e+01,1.44202e+01,1.59002e+01,1.78486e+01
222,1.38639e+01,1.32915e+01,1.40798e+01,1.44263e+01,1.59065e+01,1.78550e+01
223,1.38697e+01,1.32972e+01,1.40856e+01,1.44321e+01,1.59124e+01,1.78611e+01
224,1.38751e+01,1.33026e+01,1.40910e+01,1.44376e+01,1.59179e+01,1.78668e+01
225,1.38802e+01,1.33076e+01,1.40961e+01,1.44427e+01,1.59232e+01,1.78722e+01
226,1.38849e+01,1.33123e+01,1.41009e+01,1.44474e+01,1.59280e+01,1.78772e+01
227,1.38893e+01,1.33167e+01,1.41052e+01,1.44518e+01,1.59325e+01,1.78818e+01
228,1.38933e+01,1.33206e+01,1.41093e+01,1.44559e+01,1.59367e+01,1.78860e+01
229,1.38970e+01,1.33243e+01,1.41129e+01,1.44596e+01,1.59404e+01,1.78899e+01
230,1.39002e+01,1.33275e+01,1.41162e+01,1.44629e+01,1.59438e+01,1.78933e+01
231,1.39032e+01,1.33304e+01,1.41191e+01,1.44658e+01,1.59468e+01,1.78964e+01
232,1.39057e+01,1.33329e+01,1.41217e+01,1.44684e+01,1.59494e+01,1.78991e+01
233,1.39078e+01,1.33350e+01,1.41238e+01,1.44705e+01,1.59516e+01,1.79013e+01
234,1.39096e+01,1.33368e+01,1.41256e+01,1.44723e+01,1.59534e+01,1.79032e+01
235,1.39110e+01,1.33381e+01,1.41270e+01,1.44737e+01,1.59548e+01,1.79046e+01
236,1.39119e+01,1.33391e+01,1.41279e+01,1.44746e+01,1.59558e+01,1.79056e+01
237,1.39125e+01,1.33397e+01,1.41285e+01,1.44752e+01,1.59564e+01,1.79062e+01
238,1.39126e+01,1.33398e+01,1.41287e+01,1.44754e+01,1.59565e+01,1.79064e+01
239,1.39124e+01,1.33396e+01,1.41284e+01,1.44751e+01,1.59563e+01,1.79061e+01
240,1.39117e+01,1.33389e+01,1.41277e+01,1.44744e+01,1.59556e+01,1.79054e+01
241,1.39106e+01,1.33378e+01,1.41266e+01,1.44733e+01,1.59545e+01,1.79043e+01
242,1.39091e+01,1.33363e+01,1.41251e+01,1.44718e+01,1.59529e+01,1.79027e+01
243,1.39072e+01,1.33344e+01,1.41232e+01,1.44699e+01,1.59509e+01,1.79006e+01
244,1.39048e+01,1.33320e+01,1.41208e+01,1.44675e+01,1.59485e+01,1.78981e+01
245,1.39020e+01,1.33293e+01,1.41180e+01,1.44647e+01,1.59456e+01,1.78952e+01
246,1.38988e+01,1.33261e+01,1.41147e+01,1.44614e+01,1.59423e+01,1.78918e+01
247,1.38951e+01,1.33224e+01,1.41111e+01,1.44577e+01,1.59385e+01,1.78879e+01
248,1.38910e+01,1.33183e+01,1.41069e+01,1.44535e+01,1.59342e+01,1.78835e+01
249,1.38864e+01,1.33138e+01,1.41024e+01,1.44489e+01,1.59295e+01,1.78787e+01
250,1.38814e+01,1.33088e+01,1.40973e+01,1.44439e+01,1.59244e+01,1.78734e+01
251,1.38759e+01,1.33034e+01,1.40918e+01,1.44384e+01,1.59188e+01,1.78676e+01
252,1.38700e+01,1.32975e+01,1.40859e+01,1.44324e+01,1.59127e+01,1.78614e+01
253,1.38637e+01,1.32912e+01,1.40795e+01,1.44260e+01,1.59061e+01,1.78547e+01
254,1.38568e+01,1.32844e+01,1.40727e+01,1.44191e+01,1.58991e+01,1.78475e+01
255,1.38495e+01,1.32772e+01,1.40654e+01,1.44118e+01,1.58916e+01,1.78398e+01
256,1.38418e+01,1.32695e+01,1.40576e+01,1.44040e+01,1.58836e+01,1.78316e+01
257,1.38336e+01,1.32614e+01,1.40494e+01,1.43957e+01,1.58752e+01,1.78229e+01
258,1.38249e+01,1.32527e+01,1.40406e+01,1.43869e+01,1.58663e+01,1.78137e+01
259,1.38157e+01,1.32437e+01,1.40315e+01,1.43777e+01,1.58569e+01,1.78041e+01
260,1.38061e+01,1.32341e+01,1.40218e+01,1.43680e+01,1.58470e+01,1.77939e+01
261,1.37960e+01,1.32241e+01,1.40117e+01,1.43579e+01,1.58366e+01,1.77833e+01
262,1.37855e+01,1.32137e+01,1.40011e+01,1.43472e+01,1.58258e+01,1.77722e+01
263,1.37745e+01,1.32028e+01,1.39901e+01,1.43361e+01,1.58144e+01,1.77605e+01
264,1.37630e+01,1.31914e+01,1.39786e+01,1.43246e+01,1.58026e+01,1.77484e+01
265,1.37510e+01,1.31795e+01,1.39666e+01,1.43125e+01,1.57903e+01,1.77358e+01
266,1.37386e+01,1.31672e+01,1.39541e+01,1.43000e+01,1.57775e+01,1.77227e+01
267,1.37257e+01,1.31544e+01,1.39412e+01,1.42870e+01,1.57643e+01,1.77090e+01
268,1.37123e+01,1.31411e+01,1.39278e+01,1.42735e+01,1.57505e+01,1.76949e+01
269,1.36985e+01,1.31274e+01,1.39139e+01,1.42595e+01,1.57363e+01,1.76803e+01
270,1.36842e+01,1.31132e+01,1.38995e+01,1.42451e+01,1.57215e+01,1.76652e+01
271,1.36694e+01,1.30985e+01,1.38847e+01,1.42302e+01,1.57063e+01,1.76496e+01
272,1.36541e+01,1.30833e+01,1.38694e+01,1.42148e+01,1.56906e+01,1.76335e+01
273,1.36384e+01,1.30677e+01,1.38536e+01,1.41990e+01,1.56745e+01,1.76169e+01
274,1.36222e+01,1.30517e+01,1.38373e+01,1.41827e+01,1.56578e+01,1.75998e+01
275,1.36055e+01,1.30351e+01,1.38206e+01,1.41659e+01,1.56407e+01,1.75822e+01
276,1.35884e+01,1.30181e+01,1.38034e+01,1.41486e+01,1.56230e+01,1.75641e+01
277,1.35708e+01,1.30007e+01,1.37858e+01,1.41309e+01,1.56049e+01,1.75455e+01
278,1.35527e+01,1.29828e+01,1.37677e+01,1.41126e+01,1.55864e+01,1.75264e+01
279,1.35342e+01,1.29644e+01,1.37491e+01,1.40940e+01,1.55673e+01,1.75069e+01
280,1.35152e+01,1.29455e+01,1.37300e+01,1.40748e+01,1.55478e+01,1.74868e+01
281,1.34958e+01,1.29262e+01,1.37105e+01,1.40552e+01,1.55278e+01,1.74663e+01
282,1.34759e+01,1.29065e+01,1.36906e+01,1.40352e+01,1.55073e+01,1.74453e+01
283,1.34555e+01,1.28863e+01,1.36701e+01,1.40146e+01,1.54864e+01,1.74238e+01
284,1.34347e+01,1.28656e+01,1.36493e+01,1.39937e+01,1.54650e+01,1.74018e+01
285,1.34134e+01,1.28445e+01,1.36279e+01,1.39722e+01,1.54431e+01,1.73794e+01
286,1.33917e+01,1.28230e+01,1.36061e+01,1.39503e+01,1.54208e+01,1.73565e+01
287,1.33695e+01,1.28010e+01,1.35839e+01,1.39280e+01,1.53980e+01,1.73331e+01
288,1.33469e+01,1.27786e+01,1.35612e+01,1.39052e+01,1.53747e+01,1.73092e+01
289,1.33239e+01,1.27557e+01,1.35381e+01,1.38820e+01,1.53510e+01,1.72849e+01
290,1.33004e+01,1.27324e+01,1.35146e+01,1.38583e+01,1.53269e+01,1.72601e+01
291,1.32765e+01,1.27087e+01,1.34906e+01,1.38342e+01,1.53023e+01,1.72348e+01
292,1.32521e+01,1.26845e+01,1.34662e+01,1.38097e+01,1.52772e+01,1.72091e+01
293,1.32273e+01,1.26599e+01,1.34413e+01,1.37847e+01,1.52517e+01,1.71830e+01
294,1.32021e+01,1.26349e+01,1.34160e+01,1.37593e+01,1.52258e+01,1.71564e+01
295,1.31765e+01,1.26095e+01,1.33903e+01,1.37335e+01,1.51995e+01,1.71293e+01
296,1.31505e+01,1.25837e+01,1.33642e+01,1.37073e+01,1.51727e+01,1.71019e+01
297,1.31240e+01,1.25574e+01,1.33377e+01,1.36806e+01,1.51455e+01,1.70740e+01
298,1.30972e+01,1.25308e+01,1.33107e+01,1.36535e+01,1.51179e+01,1.70456e+01
299,1.30699e+01,1.25037e+01,1.32834e+01,1.36261e+01,1.50898e+01,1.70168e+01
300,1.30422e+01,1.24763e+01,1.32557e+01,1.35982e+01,1.50614e+01,1.69876e+01
301,1.30142e+01,1.24484e+01,1.32275e+01,1.35699e+01,1.50325e+01,1.69580e+01
302,1.29857e+01,1.24202e+01,1.31990e+01,1.35412e+01,1.50033e+01,1.69280e+01
303,1.29569e+01,1.23916e+01,1.31701e+01,1.35122e+01,1.49736e+01,1.68976e+01
304,1.29277e+01,1.23626e+01,1.31408e+01,1.34827e+01,1.49436e+01,1.68668e+01
305,1.28981e+01,1.23333e+01,1.31111e+01,1.34529e+01,1.49132e+01,1.68355e+01
306,1.28681e+01,1.23035e+01,1.30810e+01,1.34227e+01,1.48824e+01,1.68039e+01
307,1.28378e+01,1.22735e+01,1.30506e+01,1.33921e+01,1.48512e+01,1.67719e+01
308,1.28071e+01,1.22430e+01,1.30198e+01,1.33612e+01,1.48196e+01,1.67395e+01
309,1.27761e+01,1.22122e+01,1.29887e+01,1.33299e+01,1.47877e+01,1.67068e+01
310,1.27447e+01,1.21811e+01,1.29572e+01,1.32983e+01,1.47554e+01,1.66736e+01
311,1.27129e+01,1.21496e+01,1.29254e+01,1.32663e+01,1.47228e+01,1.66402e+01
312,1.26809e+01,1.21177e+01,1.28932e+01,1.32340e+01,1.46898e+01,1.66063e+01
313,1.26484e+01,1.20856e+01,1.28607e+01,1.32013e+01,1.46565e+01,1.65721e+01
314,1.26157e+01,1.20531e+01,1.28279e+01,1.31683e+01,1.46228e+01,1.65376e+01
315,1.25827e+01,1.20203e+01,1.27947e+01,1.31350e+01,1.45889e+01,1.65027e+01
316,1.25493e+01,1.19872e+01,1.27612e+01,1.31014e+01,1.45545e+01,1.64675e+01
317,1.25156e+01,1.19538e+01,1.27275e+01,1.30675e+01,1.45199e+01,1.64320e+01
318,1.24816e+01,1.19201e+01,1.26934e+01,1.30332e+01,1.44850e+01,1.63961e+01
319,1.24474e+01,1.18861e+01,1.26590e+01,1.29987e+01,1.44498e+01,1.63600e+01
320,1.24128e+01,1.18518e+01,1.26243e+01,1.29639e+01,1.44142e+01,1.63235e+01
321,1.23779e+01,1.18172e+01,1.25894e+01,1.29287e+01,1.43784e+01,1.62867e+01
322,1.23428e+01,1.17824e+01,1.25542e+01,1.28934e+01,1.43423e+01,1.62497e+01
323,1.23074e+01,1.17472e+01,1.25187e+01,1.28577e+01,1.43059e+01,1.62124e+01
324,1.22718e+01,1.17119e+01,1.24829e+01,1.28218e+01,1.42693e+01,1.61748e+01
325,1.22359e+01,1.16763e+01,1.24469e+01,1.27856e+01,1.42323e+01,1.61369e+01
326,1.21997e+01,1.16404e+01,1.24107e+01,1.27492e+01,1.41952e+01,1.60988e+01
327,1.21633e+01,1.16043e+01,1.23742e+01,1.27125e+01,1.41578e+01,1.60604e+01
328,1.21267e+01,1.15679e+01,1.23374e+01,1.26756e+01,1.41201e+01,1.60217e+01
329,1.20899e+01,1.15314e+01,1.23005e+01,1.26384e+01,1.40822e+01,1.59829e+01
330,1.20528e+01,1.14946e+01,1.22633e+01,1.26011e+01,1.40441e+01,1.59438e+01
331,1.20155e+01,1.14576e+01,1.22259e+01,1.25635e+01,1.40058e+01,1.59045e+01
332,1.19780e+01,1.14204e+01,1.21883e+01,1.25258e+01,1.39673e+01,1.58649e+01
333,1.19404e+01,1.13830e+01,1.21505e+01,1.24878e+01,1.39285e+01,1.58252e+01
334,1.19025e+01,1.13454e+01,1.21125e+01,1.24496e+01,1.38896e+01,1.57852e+01
335,1.18644e+01,1.13077e+01,1.20744e+01,1.24113e+01,1.38505e+01,1.57451e+01
336,1.18262e+01,1.12698e+01,1.20360e+01,1.23728e+01,1.38112e+01,1.57048e+01
337,1.17878e+01,1.12317e+01,1.19975e+01,1.23341e+01,1.37718e+01,1.56643e+01
338,1.17493e+01,1.11934e+01,1.19589e+01,1.22952e+01,1.37321e+01,1.56237e+01
339,1.17106e+01,1.11550e+01,1.19201e+01,1.22563e+01,1.36924e+01,1.55829e+01
340,1.16717e+01,1.11165e+01,1.18811e+01,1.22171e+01,1.36524e+01,1.55419e+01
341,1.16328e+01,1.10778e+01,1.18420e+01,1.21778e+01,1.36124e+01,1.55008e+01
342,1.15937e+01,1.10390e+01,1.18028e+01,1.21385e+01,1.35722e+01,1.54596e+01
343,1.15545e+01,1.10001e+01,1.17635e+01,1.20989e+01,1.35319e+01,1.54182e+01
344,1.15151e+01,1.09611e+01,1.17240e+01,1.20593e+01,1.34915e+01,1.53768e+01
345,1.14757e+01,1.09220e+01,1.16845e+01,1.20196e+01,1.34510e+01,1.53352e+01
346,1.14362e+01,1.08828e+01,1.16449e+01,1.19798e+01,1.34103e+01,1.52935e+01
347,1.13966e+01,1.08435e+01,1.16052e+01,1.19399e+01,1.33696e+01,1.52518e+01
348,1.13569e+01,1.08041e+01,1.15654e+01,1.18999e+01,1.33289e+01,1.52100e+01
349,1.13172e+01,1.07647e+01,1.15255e+01,1.18598e+01,1.32880e+01,1.51681e+01
350,1.12774e+01,1.07252e+01,1.14856e+01,1.18197e+01,1.32471e+01,1.51261e+01
351,1.12375e+01,1.06856e+01,1.14456e+01,1.17796e+01,1.32061e+01,1.50841e+01
352,1.11976e+01,1.06460e+01,1.14056e+01,1.17394e+01,1.31651e+01,1.50420e+01
353,1.11577e+01,1.06064e+01,1.13655e+01,1.16991e+01,1.31241e+01,1.49999e+01
354,1.11177e+01,1.05667e+01,1.13255e+01,1.16589e+01,1.30830e+01,1.49578e+01
355,1.10777e+01,1.05271e+01,1.12854e+01,1.16186e+01,1.30419e+01,1.49156e+01
356,1.10377e+01,1.04874e+01,1.12452e+01,1.15783e+01,1.30008e+01,1.48735e+01
357,1.09977e+01,1.04477e+01,1.12051e+01,1.15380e+01,1.29597e+01,1.48313e+01
358,1.09578e+01,1.04080e+01,1.11650e+01,1.14977e+01,1.29186e+01,1.47891e+01
359,1.09178e+01,1.03684e+01,1.11249e+01,1.14574e+01,1.28775e+01,1.47470e+01
360,1.08778e+01,1.03287e+01,1.10849e+01,1.14172e+01,1.28365e+01,1.47049e+01
361,1.08379e+01,1.02891e+01,1.10448e+01,1.13769e+01,1.27955e+01,1.46628e+01
362,1.07980e+01,1.02495e+01,1.10049e+01,1.13368e+01,1.27545e+01,1.46208e+01
363,1.07582e+01,1.02100e+01,1.09649e+01,1.12966e+01,1.27136e+01,1.45788e+01
364,1.07184e+01,1.01705e+01,1.09250e+01,1.12566e+01,1.26727e+01,1.45369e+01
365,1.06787e+01,1.01311e+01,1.08852e+01,1.12165e+01,1.26319e+01,1.44951e+01
366,1.06391e+01,1.00918e+01,1.08455e+01,1.11766e+01,1.25912e+01,1.44533e+01
367,1.05996e+01,1.00526e+01,1.08058e+01,1.11368e+01,1.25505e+01,1.44116e+01
368,1.05601e+01,1.00134e+01,1.07662e+01,1.10970e+01,1.25100e+01,1.43700e+01
369,1.05207e+01,9.97436e+00,1.07267e+01,1.10573e+01,1.24695e+01,1.43285e+01
370,1.04815e+01,9.93540e+00,1.06874e+01,1.10178e+01,1.24292e+01,1.42872e+01
371,1.04423e+01,9.89656e+00,1.06481e+01,1.09784e+01,1.23890e+01,1.42459e+01
372,1.04033e+01,9.85785e+00,1.06090e+01,1.09391e+01,1.23489e+01,1.42048e+01
373,1.03644e+01,9.81926e+00,1.05700e+01,1.08999e+01,1.23090e+01,1.41638e+01
374,1.03257e+01,9.78081e+00,1.05311e+01,1.08608e+01,1.22691e+01,1.41230e+01
375,1.02871e+01,9.74251e+00,1.04924e+01,1.08219e+01,1.22295e+01,1.40823e+01
376,1.02487e+01,9.70436e+00,1.04539e+01,1.07832e+01,1.21900e+01,1.40418e+01
377,1.02104e+01,9.66637e+00,1.04155e+01,1.07446e+01,1.21507e+01,1.40015e+01
378,1.01723e+01,9.62855e+00,1.03773e+01,1.07062e+01,1.21115e+01,1.39613e+01
379,1.01343e+01,9.59091e+00,1.03392e+01,1.06680e+01,1.20725e+01,1.39214e+01
380,1.00966e+01,9.55345e+00,1.03014e+01,1.06300e+01,1.20338e+01,1.38816e+01
381,1.00590e+01,9.51619e+00,1.02637e+01,1.05922e+01,1.19952e+01,1.38421e+01
382,1.00217e+01,9.47913e+00,1.02263e+01,1.05545e+01,1.19568e+01,1.38027e+01
383,9.98456e+00,9.44228e+00,1.01890e+01,1.05171e+01,1.19187e+01,1.37636e+01
384,9.94764e+00,9.40564e+00,1.01520e+01,1.04799e+01,1.18807e+01,1.37247e+01
385,9.91095e+00,9.36923e+00,1.01152e+01,1.04430e+01,1.18430e+01,1.36860e+01
386,9.87449e+00,9.33304e+00,1.00786e+01,1.04062e+01,1.18056e+01,1.36476e+01
387,9.83826e+00,9.29710e+00,1.00423e+01,1.03697e+01,1.17684e+01,1.36095e+01
388,9.80229e+00,9.26140e+00,1.00062e+01,1.03335e+01,1.17314e+01,1.35716e+01
389,9.76657e+00,9.22595e+00,9.97040e+00,1.02975e+01,1.16947e+01,1.35339e+01
390,9.73111e+00,9.19076e+00,9.93484e+00,1.02618e+01,1.16583e+01,1.34966e+01
391,9.69592e+00,9.15584e+00,9.89955e+00,1.02263e+01,1.16221e+01,1.34595e+01
392,9.66101e+00,9.12119e+00,9.86453e+00,1.01911e+01,1.15863e+01,1.34227e+01
393,9.62638e+00,9.08682e+00,9.82980e+00,1.01563e+01,1.15507e+01,1.33863e+01
394,9.59204e+00,9.05274e+00,9.79536e+00,1.01217e+01,1.15154e+01,1.33501e+01
395,9.55799e+00,9.01895e+00,9.76122e+00,1.00874e+01,1.14804e+01,1.33142e+01
396,9.52425e+00,8.98546e+00,9.72738e+00,1.00534e+01,1.14458e+01,1.32787e+01
397,9.49081e+00,8.95228e+00,9.69385e+00,1.00197e+01,1.14114e+01,1.32435e+01
398,9.45770e+00,8.91942e+00,9.66064e+00,9.98631e+00,1.13774e+01,1.32086e+01
399,9.42490e+00,8.88687e+00,9.62775e+00,9.95327e+00,1.13437e+01,1.31740e+01
400,9.39243e+00,8.85465e+00,9.59519e+00,9.92056e+00,1.13104e+01,1.31399e+01
401,9.36030e+00,8.82276e+00,9.56296e+00,9.88819e+00,1.12774e+01,1.31060e+01
402,9.32851e+00,8.79121e+00,9.53108e+00,9.85616e+00,1.12447e+01,1.30725e+01
403,9.29707e+00,8.76000e+00,9.49955e+00,9.82448e+00,1.12124e+01,1.30394e+01
404,9.26598e+00,8.72915e+00,9.46836e+00,9.79316e+00,1.11805e+01,1.30067e+01
405,9.23524e+00,8.69864e+00,9.43754e+00,9.76219e+00,1.11489e+01,1.29743e+01
406,9.20487e+00,8.66850e+00,9.40709e+00,9.73160e+00,1.11177e+01,1.29423e+01
407,9.17487e+00,8.63873e+00,9.37700e+00,9.70138e+00,1.10869e+01,1.29107e+01
408,9.14525e+00,8.60933e+00,9.34729e+00,9.67153e+00,1.10565e+01,1.28795e+01
409,9.11601e+00,8.58031e+00,9.31797e+00,9.64207e+00,1.10264e+01,1.28487e+01
410,9.08715e+00,8.55167e+00,9.28903e+00,9.61300e+00,1.09968e+01,1.28184e+01
411,9.05868e+00,8.52342e+00,9.26048e+00,9.58432e+00,1.09676e+01,1.27884e+01
412,9.03061e+00,8.49556e+00,9.23233e+00,9.55604e+00,1.09387e+01,1.27588e+01
413,9.00294e+00,8.46810e+00,9.20458e+00,9.52816e+00,1.09103e+01,1.27297e+01
414,8.97567e+00,8.44104e+00,9.17724e+00,9.50069e+00,1.08823e+01,1.27010e+01
415,8.94882e+00,8.41438e+00,9.15030e+00,9.47364e+00,1.08547e+01,1.26727e+01
416,8.92238e+00,8.38814e+00,9.12379e+00,9.44700e+00,1.08276e+01,1.26449e+01
417,8.89636e+00,8.36232e+00,9.09769e+00,9.42079e+00,1.08008e+01,1.26175e+01
418,8.87076e+00,8.33691e+00,9.07202e+00,9.39500e+00,1.07745e+01,1.25905e+01
419,8.84559e+00,8.31193e+00,9.04678e+00,9.36964e+00,1.07487e+01,1.25640e+01
420,8.82085e+00,8.28738e+00,9.02197e+00,9.34472e+00,1.07233e+01,1.25380e+01
421,8.79655e+00,8.26326e+00,8.99760e+00,9.32024e+00,1.06983e+01,1.25124e+01
422,8.77268e+00,8.23957e+00,8.97367e+00,9.29619e+00,1.06738e+01,1.24872e+01
423,8.74926e+00,8.21633e+00,8.95018e+00,9.27260e+00,1.06498e+01,1.24626e+01
424,8.72629e+00,8.19352e+00,8.92713e+00,9.24945e+00,1.06262e+01,1.24384e+01
425,8.70376e+00,8.17117e+00,8.90454e+00,9.22676e+00,1.06030e+01,1.24147e+01
426,8.68168e+00,8.14926e+00,8.88241e+00,9.20452e+00,1.05804e+01,1.23914e+01
427,8.66007e+00,8.12780e+00,8.86073e+00,9.18274e+00,1.05582e+01,1.23687e+01
428,8.63891e+00,8.10680e+00,8.83951e+00,9.16142e+00,1.05364e+01,1.23464e+01
429,8.61821e+00,8.08626e+00,8.81875e+00,9.14057e+00,1.05152e+01,1.23246e+01
430,8.59797e+00,8.06618e+00,8.79846e+00,9.12019e+00,1.04944e+01,1.23033e+01
431,8.57821e+00,8.04656e+00,8.77864e+00,9.10028e+00,1.04741e+01,1.22825e+01
432,8.55891e+00,8.02741e+00,8.75928e+00,9.08083e+00,1.04543e+01,1.22622e+01
433,8.54008e+00,8.00872e+00,8.74040e+00,9.06187e+00,1.04349e+01,1.22424e+01
434,8.52173e+00,7.99050e+00,8.72200e+00,9.04338e+00,1.04161e+01,1.22230e+01
435,8.50385e+00,7.97276e+00,8.70407e+00,9.02537e+00,1.03977e+01,1.22042e+01
436,8.48645e+00,7.95549e+00,8.68662e+00,9.00784e+00,1.03799e+01,1.21859e+01
437,8.46953e+00,7.93869e+00,8.66965e+00,8.99079e+00,1.03625e+01,1.21681e+01
438,8.45308e+00,7.92237e+00,8.65316e+00,8.97422e+00,1.03456e+01,1.21508e+01
439,8.43712e+00,7.90653e+00,8.63715e+00,8.95815e+00,1.03292e+01,1.21340e+01
440,8.42164e+00,7.89117e+00,8.62163e+00,8.94255e+00,1.03133e+01,1.21177e+01
441,8.40665e+00,7.87629e+00,8.60659e+00,8.92745e+00,1.02979e+01,1.21019e+01
442,8.39214e+00,7.86189e+00,8.59204e+00,8.91283e+00,1.02830e+01,1.20866e+01
443,8.37812e+00,7.84797e+00,8.57798e+00,8.89870e+00,1.02686e+01,1.20719e+01
444,8.36458e+00,7.83453e+00,8.56440e+00,8.88507e+00,1.02547e+01,1.20576e+01
445,8.35153e+00,7.82158e+00,8.55131e+00,8.87192e+00,1.02413e+01,1.20439e+01
446,8.33896e+00,7.80911e+00,8.53871e+00,8.85926e+00,1.02284e+01,1.20307e+01
447,8.32689e+00,7.79712e+00,8.52660e+00,8.84710e+00,1.02160e+01,1.20179e+01
448,8.31530e+00,7.78562e+00,8.51498e+00,8.83542e+00,1.02041e+01,1.20057e+01
449,8.30420e+00,7.77460e+00,8.50385e+00,8.82424e+00,1.01927e+01,1.19941e+01
450,8.29358e+00,7.76407e+00,8.49320e+00,8.81354e+00,1.01818e+01,1.19829e+01
451,8.28345e+00,7.75401e+00,8.48305e+00,8.80334e+00,1.01714e+01,1.19722e+01
452,8.27381e+00,7.74444e+00,8.47338e+00,8.79363e+00,1.01615e+01,1.19621e+01
453,8.26466e+00,7.73536e+00,8.46420e+00,8.78440e+00,1.01521e+01,1.19524e+01
454,8.25598e+00,7.72675e+00,8.45550e+00,8.77567e+00,1.01432e+01,1.19433e+01
455,8.24780e+00,7.71862e+00,8.44729e+00,8.76742e+00,1.01348e+01,1.19347e+01
456,8.24009e+00,7.71097e+00,8.43956e+00,8.75966e+00,1.01269e+01,1.19266e+01
457,8.23286e+00,7.70380e+00,8.43231e+00,8.75238e+00,1.01194e+01,1.19190e+01
458,8.22612e+00,7.69711e+00,8.42555e+00,8.74558e+00,1.01125e+01,1.19119e+01
459,8.21985e+00,7.69089e+00,8.41926e+00,8.73927e+00,1.01061e+01,1.19053e+01
460,8.21406e+00,7.68514e+00,8.41346e+00,8.73344e+00,1.01001e+01,1.18992e+01
461,8.20875e+00,7.67986e+00,8.40813e+00,8.72808e+00,1.00947e+01,1.18936e+01
462,8.20390e+00,7.67506e+00,8.40327e+00,8.72320e+00,1.00897e+01,1.18885e+01
463,8.19953e+00,7.67072e+00,8.39888e+00,8.71880e+00,1.00852e+01,1.18839e+01
464,8.19562e+00,7.66684e+00,8.39497e+00,8.71486e+00,1.00812e+01,1.18798e+01
465,8.19219e+00,7.66343e+00,8.39152e+00,8.71140e+00,1.00777e+01,1.18762e+01
466,8.18921e+00,7.66048e+00,8.38854e+00,8.70840e+00,1.00746e+01,1.18730e+01
467,8.18671e+00,7.65800e+00,8.38603e+00,8.70588e+00,1.00720e+01,1.18704e+01
468,8.18465e+00,7.65595e+00,8.38396e+00,8.70381e+00,1.00699e+01,1.18682e+01
469,8.18305e+00,7.65436e+00,8.38235e+00,8.70219e+00,1.00683e+01,1.18665e+01
470,8.18189e+00,7.65321e+00,8.38120e+00,8.70103e+00,1.00671e+01,1.18653e+01
471,8.18119e+00,7.65251e+00,8.38049e+00,8.70032e+00,1.00664e+01,1.18646e+01
472,8.18093e+00,7.65225e+00,8.38023e+00,8.70006e+00,1.00661e+01,1.18643e+01
473,8.18111e+00,7.65243e+00,8.38041e+00,8.70024e+00,1.00663e+01,1.18645e+01
474,8.18173e+00,7.65305e+00,8.38103e+00,8.70086e+00,1.00669e+01,1.18652e+01
475,8.18278e+00,7.65409e+00,8.38209e+00,8.70192e+00,1.00680e+01,1.18663e+01
476,8.18426e+00,7.65556e+00,8.38357e+00,8.70342e+00,1.00695e+01,1.18678e+01
477,8.18617e+00,7.65746e+00,8.38549e+00,8.70534e+00,1.00715e+01,1.18698e+01
478,8.18850e+00,7.65977e+00,8.38783e+00,8.70769e+00,1.00739e+01,1.18723e+01
479,8.19125e+00,7.66250e+00,8.39058e+00,8.71046e+00,1.00767e+01,1.18752e+01
480,8.19443e+00,7.66566e+00,8.39377e+00,8.71366e+00,1.00800e+01,1.18785e+01
481,8.19800e+00,7.66920e+00,8.39735e+00,8.71726e+00,1.00837e+01,1.18823e+01
482,8.20198e+00,7.67315e+00,8.40134e+00,8.72127e+00,1.00877e+01,1.18865e+01
483,8.20636e+00,7.67749e+00,8.40573e+00,8.72567e+00,1.00922e+01,1.18911e+01
484,8.21113e+00,7.68223e+00,8.41051e+00,8.73048e+00,1.00971e+01,1.18961e+01
485,8.21628e+00,7.68735e+00,8.41569e+00,8.73567e+00,1.01024e+01,1.19015e+01
486,8.22183e+00,7.69285e+00,8.42125e+00,8.74126e+00,1.01081e+01,1.19074e+01
487,8.22775e+00,7.69873e+00,8.42718e+00,8.74722e+00,1.01142e+01,1.19136e+01
488,8.23404e+00,7.70497e+00,8.43350e+00,8.75356e+00,1.01207e+01,1.19202e+01
489,8.24071e+00,7.71159e+00,8.44018e+00,8.76028e+00,1.01275e+01,1.19272e+01
490,8.24773e+00,7.71856e+00,8.44722e+00,8.76735e+00,1.01347e+01,1.19346e+01
491,8.25511e+00,7.72588e+00,8.45462e+00,8.77479e+00,1.01423e+01,1.19424e+01
492,8.26284e+00,7.73356e+00,8.46238e+00,8.78258e+00,1.01502e+01,1.19505e+01
493,8.27092e+00,7.74157e+00,8.47048e+00,8.79071e+00,1.01585e+01,1.19590e+01
494,8.27934e+00,7.74993e+00,8.47892e+00,8.79919e+00,1.01672e+01,1.19679e+01
495,8.28808e+00,7.75861e+00,8.48769e+00,8.80800e+00,1.01762e+01,1.19771e+01
496,8.29716e+00,7.76761e+00,8.49679e+00,8.81714e+00,1.01855e+01,1.19866e+01
497,8.30655e+00,7.77694e+00,8.50621e+00,8.82661e+00,1.01951e+01,1.19965e+01
498,8.31626e+00,7.78657e+00,8.51594e+00,8.83639e+00,1.02051e+01,1.20068e+01
499,8.32627e+00,7.79651e+00,8.52599e+00,8.84648e+00,1.02154e+01,1.20173e+01
500,8.33659e+00,7.80675e+00,8.53633e+00,8.85687e+00,1.02260e+01,1.20282e+01
