# Radius per segment (in mm): 10.0, 60.0, 50.0, 40.0, 10.0
Timestep,Temp_Node_1,Temp_Node_2,Temp_Node_3,Temp_Node_4,Temp_Node_5,Temp_Node_6
0,2.00000e+01,2.00000e+01,2.00000e+01,2.00000e+01,2.00000e+01,2.00000e+01
1,9.32484e+00,8.78757e+00,9.44494e+00,9.85657e+00,1.08067e+01,1.97974e+01
2,9.14892e+00,8.61297e+00,9.26872e+00,9.67932e+00,1.06271e+01,1.95953e+01
3,8.97347e+00,8.43885e+00,9.09298e+00,9.50256e+00,1.04480e+01,1.93939e+01
4,8.79853e+00,8.26523e+00,8.91774e+00,9.32631e+00,1.02694e+01,1.91930e+01
5,8.62412e+00,8.09213e+00,8.74304e+00,9.15059e+00,1.00913e+01,1.89929e+01
6,8.45027e+00,7.91958e+00,8.56890e+00,8.97544e+00,9.91387e+00,1.87934e+01
7,8.27701e+00,7.74762e+00,8.39534e+00,8.80089e+00,9.73701e+00,1.85946e+01
8,8.10437e+00,7.57626e+00,8.22241e+00,8.62696e+00,9.56078e+00,1.83966e+01
9,7.93237e+00,7.40555e+00,8.05012e+00,8.45369e+00,9.38522e+00,1.81994e+01
10,7.76105e+00,7.23551e+00,7.87852e+00,8.28110e+00,9.21035e+00,1.80030e+01
11,7.59043e+00,7.06616e+00,7.70761e+00,8.10922e+00,9.03621e+00,1.78074e+01
12,7.42054e+00,6.89753e+00,7.53744e+00,7.93808e+00,8.86283e+00,1.76128e+01
13,7.25142e+00,6.72966e+00,7.36804e+00,7.76770e+00,8.69022e+00,1.74190e+01
14,7.08308e+00,6.56256e+00,7.19942e+00,7.59813e+00,8.51843e+00,1.72262e+01
15,6.91556e+00,6.39628e+00,7.03162e+00,7.42937e+00,8.34747e+00,1.70344e+01
16,6.74888e+00,6.23083e+00,6.86466e+00,7.26147e+00,8.17738e+00,1.68436e+01
17,6.58307e+00,6.06624e+00,6.69858e+00,7.09445e+00,8.00819e+00,1.66538e+01
18,6.41816e+00,5.90254e+00,6.53340e+00,6.92834e+00,7.83992e+00,1.64651e+01
19,6.25418e+00,5.73976e+00,6.36915e+00,6.76316e+00,7.67260e+00,1.62775e+01
20,6.09115e+00,5.57792e+00,6.20585e+00,6.59894e+00,7.50625e+00,1.60910e+01
21,5.92910e+00,5.41706e+00,6.04353e+00,6.43571e+00,7.34092e+00,1.59057e+01
22,5.76805e+00,5.25719e+00,5.88223e+00,6.27350e+00,7.17661e+00,1.57216e+01
23,5.60804e+00,5.09834e+00,5.72195e+00,6.11233e+00,7.01336e+00,1.55387e+01
24,5.44908e+00,4.94054e+00,5.56274e+00,5.95222e+00,6.85120e+00,1.53571e+01
25,5.29121e+00,4.78381e+00,5.40461e+00,5.79321e+00,6.69015e+00,1.51767e+01
26,5.13445e+00,4.62818e+00,5.24759e+00,5.63532e+00,6.53024e+00,1.49976e+01
27,4.97882e+00,4.47368e+00,5.09171e+00,5.47858e+00,6.37149e+00,1.48199e+01
28,4.82435e+00,4.32033e+00,4.93699e+00,5.32300e+00,6.21392e+00,1.46435e+01
29,4.67107e+00,4.16815e+00,4.78346e+00,5.16862e+00,6.05757e+00,1.44685e+01
30,4.51900e+00,4.01717e+00,4.63114e+00,5.01545e+00,5.90246e+00,1.42950e+01
31,4.36815e+00,3.86741e+00,4.48006e+00,4.86353e+00,5.74861e+00,1.41228e+01
32,4.21857e+00,3.71890e+00,4.33023e+00,4.71288e+00,5.59605e+00,1.39522e+01
33,4.07026e+00,3.57166e+00,4.18169e+00,4.56352e+00,5.44480e+00,1.37830e+01
34,3.92326e+00,3.42571e+00,4.03445e+00,4.41547e+00,5.29488e+00,1.36154e+01
35,3.77759e+00,3.28107e+00,3.88854e+00,4.26876e+00,5.14632e+00,1.34493e+01
36,3.63326e+00,3.13777e+00,3.74398e+00,4.12341e+00,4.99914e+00,1.32848e+01
37,3.49030e+00,2.99583e+00,3.60080e+00,3.97944e+00,4.85336e+00,1.31218e+01
38,3.34874e+00,2.85528e+00,3.45901e+00,3.83688e+00,4.70900e+00,1.29605e+01
39,3.20859e+00,2.71612e+00,3.31863e+00,3.69574e+00,4.56609e+00,1.28008e+01
40,3.06987e+00,2.57839e+00,3.17970e+00,3.55605e+00,4.42465e+00,1.26428e+01
41,2.93261e+00,2.44210e+00,3.04222e+00,3.41782e+00,4.28470e+00,1.24865e+01
42,2.79683e+00,2.30727e+00,2.90622e+00,3.28109e+00,4.14625e+00,1.23319e+01
43,2.66254e+00,2.17393e+00,2.77172e+00,3.14586e+00,4.00934e+00,1.21790e+01
44,2.52977e+00,2.04210e+00,2.63874e+00,3.01216e+00,3.87397e+00,1.20279e+01
45,2.39853e+00,1.91178e+00,2.50730e+00,2.88000e+00,3.74017e+00,1.18785e+01
46,2.26885e+00,1.78301e+00,2.37741e+00,2.74941e+00,3.60796e+00,1.17309e+01
47,2.14074e+00,1.65580e+00,2.24910e+00,2.62041e+00,3.47736e+00,1.15852e+01
48,2.01422e+00,1.53016e+00,2.12237e+00,2.49300e+00,3.34837e+00,1.14413e+01
49,1.88930e+00,1.40612e+00,1.99726e+00,2.36722e+00,3.22104e+00,1.12992e+01
50,1.76601e+00,1.28369e+00,1.87378e+00,2.24307e+00,3.09536e+00,1.11590e+01
51,1.64436e+00,1.16289e+00,1.75194e+00,2.12058e+00,2.97135e+00,1.10207e+01
52,1.52437e+00,1.04373e+00,1.63176e+00,1.99975e+00,2.84904e+00,1.08843e+01
53,1.40605e+00,9.26234e-01,1.51325e+00,1.88061e+00,2.72843e+00,1.07498e+01
54,1.28941e+00,8.10411e-01,1.39644e+00,1.76317e+00,2.60955e+00,1.06173e+01
55,1.17448e+00,6.96278e-01,1.28133e+00,1.64745e+00,2.49241e+00,1.04867e+01
56,1.06127e+00,5.83850e-01,1.16794e+00,1.53346e+00,2.37702e+00,1.03581e+01
57,9.49785e-01,4.73138e-01,1.05628e+00,1.42121e+00,2.26339e+00,1.02314e+01
58,8.40046e-01,3.64158e-01,9.46372e-01,1.31071e+00,2.15155e+00,1.01068e+01
59,7.32064e-01,2.56922e-01,8.38222e-01,1.20199e+00,2.04150e+00,9.98418e+00
60,6.25851e-01,1.51443e-01,7.31845e-01,1.09505e+00,1.93325e+00,9.86359e+00
61,5.21420e-01,4.77313e-02,6.27253e-01,9.89902e-01,1.82683e+00,9.74503e+00
62,4.18782e-01,-5.42005e-02,5.24456e-01,8.86561e-01,1.72223e+00,9.62853e+00
63,3.17947e-01,-1.54342e-01,4.23466e-01,7.85037e-01,1.61947e+00,9.51409e+00
64,2.18926e-01,-2.52683e-01,3.24292e-01,6.85340e-01,1.51856e+00,9.40172e+00
65,1.21730e-01,-3.49212e-01,2.26946e-01,5.87480e-01,1.41952e+00,9.29144e+00
66,2.63661e-02,-4.43922e-01,1.31436e-01,4.91467e-01,1.32234e+00,9.18325e+00
67,-6.71550e-02,-5.36803e-01,3.77712e-02,3.97310e-01,1.22704e+00,9.07716e+00
68,-1.58826e-01,-6.27846e-01,-5.40399e-02,3.05016e-01,1.13363e+00,8.97319e+00
69,-2.48638e-01,-7.17045e-01,-1.43990e-01,2.14594e-01,1.04212e+00,8.87133e+00
70,-3.36579e-01,-8.04385e-01,-2.32065e-01,1.26056e-01,9.52514e-01,8.77161e+00
71,-4.22652e-01,-8.89871e-01,-3.18271e-01,3.93982e-02,8.64812e-01,8.67402e+00
72,-5.06847e-01,-9.73492e-01,-4.02595e-01,-4.53669e-02,7.79026e-01,8.57856e+00
73,-5.89158e-01,-1.05524e+00,-4.85030e-01,-1.28234e-01,6.95162e-01,8.48526e+00
74,-6.69578e-01,-1.13512e+00,-5.65574e-01,-2.09198e-01,6.13224e-01,8.39411e+00
75,-7.48104e-01,-1.21311e+00,-6.44220e-01,-2.88255e-01,5.33218e-01,8.30511e+00
76,-8.24732e-01,-1.28922e+00,-7.20964e-01,-3.65400e-01,4.55148e-01,8.21827e+00
77,-8.99457e-01,-1.36343e+00,-7.95803e-01,-4.40629e-01,3.79017e-01,8.13360e+00
78,-9.72277e-01,-1.43576e+00,-8.68734e-01,-5.13940e-01,3.04828e-01,8.05110e+00
79,-1.04319e+00,-1.50619e+00,-9.39754e-01,-5.85330e-01,2.32583e-01,7.97076e+00
80,-1.11219e+00,-1.57473e+00,-1.00886e+00,-6.54797e-01,1.62286e-01,7.89259e+00
81,-1.17928e+00,-1.64137e+00,-1.07605e+00,-7.22339e-01,9.39358e-02,7.81660e+00
82,-1.24446e+00,-1.70610e+00,-1.14133e+00,-7.87956e-01,2.75349e-02,7.74278e+00
83,-1.30773e+00,-1.76894e+00,-1.20470e+00,-8.51648e-01,-3.69172e-02,7.67113e+00
84,-1.36909e+00,-1.82989e+00,-1.26614e+00,-9.13415e-01,-9.94204e-02,7.60165e+00
85,-1.42853e+00,-1.88893e+00,-1.32568e+00,-9.73257e-01,-1.59976e-01,7.53434e+00
86,-1.48606e+00,-1.94607e+00,-1.38330e+00,-1.03118e+00,-2.18586e-01,7.46920e+00
87,-1.54169e+00,-2.00133e+00,-1.43901e+00,-1.08718e+00,-2.75251e-01,7.40622e+00
88,-1.59541e+00,-2.05469e+00,-1.49281e+00,-1.14126e+00,-3.29974e-01,7.34541e+00
89,-1.64723e+00,-2.10615e+00,-1.54471e+00,-1.19342e+00,-3.82758e-01,7.28675e+00
90,-1.69715e+00,-2.15574e+00,-1.59470e+00,-1.24367e+00,-4.33607e-01,7.23025e+00
91,-1.74517e+00,-2.20344e+00,-1.64280e+00,-1.29202e+00,-4.82525e-01,7.17589e+00
92,-1.79130e+00,-2.24926e+00,-1.68900e+00,-1.33846e+00,-5.29517e-01,7.12368e+00
93,-1.83555e+00,-2.29321e+00,-1.73331e+00,-1.38300e+00,-5.74589e-01,7.07360e+00
94,-1.87792e+00,-2.33529e+00,-1.77574e+00,-1.42565e+00,-6.17745e-01,7.02566e+00
95,-1.91841e+00,-2.37552e+00,-1.81630e+00,-1.46641e+00,-6.58993e-01,6.97983e+00
96,-1.95704e+00,-2.41389e+00,-1.85498e+00,-1.50530e+00,-6.98338e-01,6.93613e+00
97,-1.99381e+00,-2.45041e+00,-1.89181e+00,-1.54231e+00,-7.35790e-01,6.89452e+00
98,-2.02873e+00,-2.48509e+00,-1.92678e+00,-1.57746e+00,-7.71356e-01,6.85502e+00
99,-2.06180e+00,-2.51794e+00,-1.95990e+00,-1.61076e+00,-8.05044e-01,6.81760e+00
100,-2.09304e+00,-2.54897e+00,-1.99119e+00,-1.64220e+00,-8.36863e-01,6.78226e+00
101,-2.12245e+00,-2.57819e+00,-2.02065e+00,-1.67181e+00,-8.66824e-01,6.74898e+00
102,-2.15005e+00,-2.60561e+00,-2.04829e+00,-1.69960e+00,-8.94936e-01,6.71776e+00
103,-2.17585e+00,-2.63123e+00,-2.07412e+00,-1.72556e+00,-9.21210e-01,6.68858e+00
104,-2.19985e+00,-2.65507e+00,-2.09816e+00,-1.74973e+00,-9.45658e-01,6.66143e+00
105,-2.22207e+00,-2.67715e+00,-2.12042e+00,-1.77210e+00,-9.68291e-01,6.63629e+00
106,-2.24253e+00,-2.69746e+00,-2.14090e+00,-1.79268e+00,-9.89122e-01,6.61316e+00
107,-2.26122e+00,-2.71603e+00,-2.15962e+00,-1.81150e+00,-1.00816e+00,6.59201e+00
108,-2.27817e+00,-2.73287e+00,-2.17660e+00,-1.82856e+00,-1.02543e+00,6.57284e+00
109,-2.29339e+00,-2.74798e+00,-2.19184e+00,-1.84389e+00,-1.04093e+00,6.55563e+00
110,-2.30689e+00,-2.76140e+00,-2.20536e+00,-1.85748e+00,-1.05468e+00,6.54036e+00
111,-2.31870e+00,-2.77312e+00,-2.21718e+00,-1.86936e+00,-1.06670e+00,6.52701e+00
112,-2.32881e+00,-2.78317e+00,-2.22731e+00,-1.87954e+00,-1.07700e+00,6.51557e+00
113,-2.33725e+00,-2.79155e+00,-2.23577e+00,-1.88804e+00,-1.08560e+00,6.50602e+00
114,-2.34404e+00,-2.79830e+00,-2.24257e+00,-1.89487e+00,-1.09252e+00,6.49834e+00
115,-2.34919e+00,-2.80341e+00,-2.24772e+00,-1.90006e+00,-1.09776e+00,6.49252e+00
116,-2.35272e+00,-2.80692e+00,-2.25126e+00,-1.90361e+00,-1.10136e+00,6.48853e+00
117,-2.35464e+00,-2.80883e+00,-2.25318e+00,-1.90554e+00,-1.10331e+00,6.48636e+00
118,-2.35498e+00,-2.80916e+00,-2.25352e+00,-1.90588e+00,-1.10366e+00,6.48597e+00
119,-2.35375e+00,-2.80794e+00,-2.25229e+00,-1.90464e+00,-1.10240e+00,6.48737e+00
120,-2.35097e+00,-2.80518e+00,-2.24950e+00,-1.90184e+00,-1.09957e+00,6.49051e+00
121,-2.34665e+00,-2.80089e+00,-2.24518e+00,-1.89750e+00,-1.09518e+00,6.49539e+00
122,-2.34083e+00,-2.79511e+00,-2.23935e+00,-1.89164e+00,-1.08925e+00,6.50197e+00
123,-2.33352e+00,-2.78785e+00,-2.23203e+00,-1.88428e+00,-1.08180e+00,6.51024e+00
124,-2.32474e+00,-2.77913e+00,-2.22324e+00,-1.87544e+00,-1.07286e+00,6.52017e+00
125,-2.31451e+00,-2.76896e+00,-2.21299e+00,-1.86514e+00,-1.06244e+00,6.53174e+00
126,-2.30285e+00,-2.75738e+00,-2.20131e+00,-1.85341e+00,-1.05056e+00,6.54493e+00
127,-2.28979e+00,-2.74440e+00,-2.18823e+00,-1.84026e+00,-1.03726e+00,6.55971e+00
128,-2.27534e+00,-2.73005e+00,-2.17376e+00,-1.82571e+00,-1.02254e+00,6.57605e+00
129,-2.25953e+00,-2.71435e+00,-2.15793e+00,-1.80980e+00,-1.00644e+00,6.59393e+00
130,-2.24238e+00,-2.69732e+00,-2.14075e+00,-1.79254e+00,-9.88974e-01,6.61332e+00
131,-2.22392e+00,-2.67898e+00,-2.12226e+00,-1.77395e+00,-9.70169e-01,6.63421e+00
132,-2.20416e+00,-2.65936e+00,-2.10248e+00,-1.75407e+00,-9.50050e-01,6.65655e+00
133,-2.18314e+00,-2.63847e+00,-2.08143e+00,-1.73291e+00,-9.28639e-01,6.68033e+00
134,-2.16088e+00,-2.61636e+00,-2.05913e+00,-1.71049e+00,-9.05962e-01,6.70551e+00
135,-2.13740e+00,-2.59303e+00,-2.03561e+00,-1.68686e+00,-8.82044e-01,6.73208e+00
136,-2.11272e+00,-2.56852e+00,-2.01090e+00,-1.66202e+00,-8.56910e-01,6.75999e+00
137,-2.08688e+00,-2.54285e+00,-1.98502e+00,-1.63600e+00,-8.30586e-01,6.78923e+00
138,-2.05989e+00,-2.51605e+00,-1.95799e+00,-1.60883e+00,-8.03100e-01,6.81976e+00
139,-2.03179e+00,-2.48813e+00,-1.92985e+00,-1.58055e+00,-7.74477e-01,6.85155e+00
140,-2.00260e+00,-2.45914e+00,-1.90061e+00,-1.55116e+00,-7.44743e-01,6.88458e+00
141,-1.97234e+00,-2.42909e+00,-1.87031e+00,-1.52070e+00,-7.13927e-01,6.91881e+00
142,-1.94105e+00,-2.39801e+00,-1.83897e+00,-1.48921e+00,-6.82054e-01,6.95422e+00
143,-1.90875e+00,-2.36592e+00,-1.80663e+00,-1.45669e+00,-6.49153e-01,6.99077e+00
144,-1.87547e+00,-2.33286e+00,-1.77329e+00,-1.42319e+00,-6.15253e-01,7.02843e+00
145,-1.84124e+00,-2.29886e+00,-1.73901e+00,-1.38872e+00,-5.80380e-01,7.06717e+00
146,-1.80607e+00,-2.26393e+00,-1.70379e+00,-1.35333e+00,-5.44565e-01,7.10696e+00
147,-1.77002e+00,-2.22812e+00,-1.66768e+00,-1.31703e+00,-5.07834e-01,7.14777e+00
148,-1.73309e+00,-2.19144e+00,-1.63070e+00,-1.27985e+00,-4.70218e-01,7.18957e+00
149,-1.69532e+00,-2.15392e+00,-1.59287e+00,-1.24183e+00,-4.31746e-01,7.23231e+00
150,-1.65674e+00,-2.11560e+00,-1.55423e+00,-1.20299e+00,-3.92447e-01,7.27598e+00
151,-1.61738e+00,-2.07650e+00,-1.51481e+00,-1.16337e+00,-3.52351e-01,7.32054e+00
152,-1.57726e+00,-2.03666e+00,-1.47464e+00,-1.12299e+00,-3.11487e-01,7.36595e+00
153,-1.53642e+00,-1.99610e+00,-1.43373e+00,-1.08187e+00,-2.69886e-01,7.41218e+00
154,-1.49489e+00,-1.95484e+00,-1.39214e+00,-1.04006e+00,-2.27577e-01,7.45921e+00
155,-1.45269e+00,-1.91293e+00,-1.34988e+00,-9.97583e-01,-1.84591e-01,7.50698e+00
156,-1.40986e+00,-1.87039e+00,-1.30698e+00,-9.54465e-01,-1.40959e-01,7.55548e+00
157,-1.36643e+00,-1.82725e+00,-1.26348e+00,-9.10738e-01,-9.67119e-02,7.60466e+00
158,-1.32242e+00,-1.78353e+00,-1.21941e+00,-8.66435e-01,-5.18801e-02,7.65450e+00
159,-1.27787e+00,-1.73928e+00,-1.17479e+00,-8.21585e-01,-6.49447e-03,7.70495e+00
160,-1.23280e+00,-1.69452e+00,-1.12965e+00,-7.76217e-01,3.94144e-02,7.75599e+00
161,-1.18726e+00,-1.64928e+00,-1.08404e+00,-7.30365e-01,8.58145e-02,7.80757e+00
162,-1.14126e+00,-1.60360e+00,-1.03797e+00,-6.84058e-01,1.32675e-01,7.85967e+00
163,-1.09484e+00,-1.55750e+00,-9.91484e-01,-6.37328e-01,1.79963e-01,7.91225e+00
164,-1.04803e+00,-1.51101e+00,-9.44606e-01,-5.90207e-01,2.27648e-01,7.96527e+00
165,-1.00087e+00,-1.46416e+00,-8.97370e-01,-5.42725e-01,2.75699e-01,8.01871e+00
166,-9.53378e-01,-1.41699e+00,-8.49806e-01,-4.94913e-01,3.24083e-01,8.07251e+00
167,-9.05591e-01,-1.36953e+00,-8.01946e-01,-4.46804e-01,3.72769e-01,8.12665e+00
168,-8.57538e-01,-1.32180e+00,-7.53820e-01,-3.98427e-01,4.21725e-01,8.18110e+00
169,-8.09253e-01,-1.27384e+00,-7.05461e-01,-3.49816e-01,4.70919e-01,8.23582e+00
170,-7.60765e-01,-1.22568e+00,-6.56899e-01,-3.01001e-01,5.20320e-01,8.29076e+00
171,-7.12106e-01,-1.17736e+00,-6.08166e-01,-2.52013e-01,5.69896e-01,8.34591e+00
172,-6.63308e-01,-1.12889e+00,-5.59294e-01,-2.02885e-01,6.19614e-01,8.40122e+00
173,-6.14402e-01,-1.08032e+00,-5.10313e-01,-1.53649e-01,6.69442e-01,8.45665e+00
174,-5.65419e-01,-1.03167e+00,-4.61256e-01,-1.04335e-01,7.19349e-01,8.51217e+00
175,-5.16391e-01,-9.82972e-01,-4.12152e-01,-5.49746e-02,7.69303e-01,8.56775e+00
176,-4.67348e-01,-9.34263e-01,-3.63035e-01,-5.59970e-03,8.19273e-01,8.62335e+00
177,-4.18322e-01,-8.85571e-01,-3.13934e-01,4.37583e-02,8.69225e-01,8.67893e+00
178,-3.69344e-01,-8.36927e-01,-2.64881e-01,9.30682e-02,9.19129e-01,8.73446e+00
179,-3.20446e-01,-7.88363e-01,-2.15908e-01,1.42298e-01,9.68953e-01,8.78990e+00
180,-2.71658e-01,-7.39907e-01,-1.67045e-01,1.91417e-01,1.01866e+00,8.84523e+00
181,-2.23010e-01,-6.91593e-01,-1.18323e-01,2.40395e-01,1.06823e+00,8.90039e+00
182,-1.74535e-01,-6.43449e-01,-6.97739e-02,2.89199e-01,1.11763e+00,8.95537e+00
183,-1.26264e-01,-5.95507e-01,-2.14282e-02,3.37799e-01,1.16681e+00,9.01012e+00
184,-7.82254e-02,-5.47798e-01,2.66839e-02,3.86164e-01,1.21576e+00,9.06460e+00
185,-3.04515e-02,-5.00351e-01,7.45311e-02,4.34263e-01,1.26444e+00,9.11880e+00
186,1.70284e-02,-4.53196e-01,1.22084e-01,4.82066e-01,1.31283e+00,9.17266e+00
187,6.41831e-02,-4.06364e-01,1.69311e-01,5.29542e-01,1.36088e+00,9.22615e+00
188,1.10983e-01,-3.59885e-01,2.16183e-01,5.76661e-01,1.40857e+00,9.27925e+00
189,1.57398e-01,-3.13789e-01,2.62669e-01,6.23392e-01,1.45586e+00,9.33191e+00
190,2.03398e-01,-2.68105e-01,3.08740e-01,6.69706e-01,1.50274e+00,9.38410e+00
191,2.48954e-01,-2.22861e-01,3.54366e-01,7.15572e-01,1.54916e+00,9.43579e+00
192,2.94036e-01,-1.78089e-01,3.99517e-01,7.60962e-01,1.59510e+00,9.48695e+00
193,3.38614e-01,-1.33817e-01,4.44164e-01,8.05845e-01,1.64053e+00,9.53754e+00
194,3.82659e-01,-9.00746e-02,4.88278e-01,8.50191e-01,1.68542e+00,9.58753e+00
195,4.26144e-01,-4.68890e-02,5.31830e-01,8.93974e-01,1.72973e+00,9.63689e+00
196,4.69038e-01,-4.28976e-03,5.74790e-01,9.37161e-01,1.77344e+00,9.68557e+00
197,5.11315e-01,3.76953e-02,6.17132e-01,9.79727e-01,1.81653e+00,9.73356e+00
198,5.52944e-01,7.90376e-02,6.58825e-01,1.02164e+00,1.85895e+00,9.78082e+00
199,5.93898e-01,1.19710e-01,6.99843e-01,1.06288e+00,1.90069e+00,9.82731e+00
200,6.34150e-01,1.59684e-01,7.40157e-01,1.10340e+00,1.94171e+00,9.87301e+00
201,6.73672e-01,1.98934e-01,7.79740e-01,1.14320e+00,1.98199e+00,9.91788e+00
202,7.12437e-01,2.37431e-01,8.18565e-01,1.18223e+00,2.02150e+00,9.96190e+00
203,7.50418e-01,2.75150e-01,8.56605e-01,1.22047e+00,2.06020e+00,1.00050e+01
204,7.87588e-01,3.12063e-01,8.93832e-01,1.25789e+00,2.09809e+00,1.00472e+01
205,8.23921e-01,3.48145e-01,9.30222e-01,1.29448e+00,2.13512e+00,1.00885e+01
206,8.59390e-01,3.83369e-01,9.65746e-01,1.33019e+00,2.17126e+00,1.01288e+01
207,8.93970e-01,4.17710e-01,1.00038e+00,1.36501e+00,2.20651e+00,1.01680e+01
208,9.27636e-01,4.51143e-01,1.03410e+00,1.39890e+00,2.24082e+00,1.02063e+01
209,9.60361e-01,4.83642e-01,1.06687e+00,1.43186e+00,2.27417e+00,1.02434e+01
210,9.92122e-01,5.15183e-01,1.09868e+00,1.46384e+00,2.30654e+00,1.02795e+01
211,1.02289e+00,5.45742e-01,1.12950e+00,1.49482e+00,2.33791e+00,1.03145e+01
212,1.05265e+00,5.75295e-01,1.15931e+00,1.52478e+00,2.36824e+00,1.03483e+01
213,1.08138e+00,6.03818e-01,1.18808e+00,1.55370e+00,2.39751e+00,1.03809e+01
214,1.10904e+00,6.31287e-01,1.21578e+00,1.58155e+00,2.42570e+00,1.04123e+01
215,1.13561e+00,6.57680e-01,1.24240e+00,1.60831e+00,2.45279e+00,1.04425e+01
216,1.16108e+00,6.82974e-01,1.26791e+00,1.63396e+00,2.47875e+00,1.04715e+01
217,1.18543e+00,7.07147e-01,1.29229e+00,1.65847e+00,2.50356e+00,1.04991e+01
218,1.20862e+00,7.30178e-01,1.31552e+00,1.68182e+00,2.52720e+00,1.05255e+01
219,1.23064e+00,7.52043e-01,1.33757e+00,1.70399e+00,2.54964e+00,1.05505e+01
220,1.25146e+00,7.72724e-01,1.35843e+00,1.72496e+00,2.57087e+00,1.05741e+01
221,1.27107e+00,7.92198e-01,1.37807e+00,1.74471e+00,2.59086e+00,1.05964e+01
222,1.28945e+00,8.10445e-01,1.39647e+00,1.76321e+00,2.60959e+00,1.06173e+01
223,1.30657e+00,8.27447e-01,1.41362e+00,1.78045e+00,2.62704e+00,1.06368e+01
224,1.32241e+00,8.43182e-01,1.42949e+00,1.79640e+00,2.64319e+00,1.06548e+01
225,1.33696e+00,8.57633e-01,1.44406e+00,1.81105e+00,2.65802e+00,1.06713e+01
226,1.35020e+00,8.70780e-01,1.45732e+00,1.82438e+00,2.67151e+00,1.06864e+01
227,1.36211e+00,8.82606e-01,1.46925e+00,1.83638e+00,2.68365e+00,1.06999e+01
228,1.37267e+00,8.93092e-01,1.47983e+00,1.84701e+00,2.69442e+00,1.07119e+01
229,1.38187e+00,9.02222e-01,1.48903e+00,1.85627e+00,2.70379e+00,1.07223e+01
230,1.38968e+00,9.09978e-01,1.49686e+00,1.86413e+00,2.71175e+00,1.07312e+01
231,1.39609e+00,9.16344e-01,1.50328e+00,1.87059e+00,2.71828e+00,1.07385e+01
232,1.40108e+00,9.21304e-01,1.50828e+00,1.87561e+00,2.72337e+00,1.07442e+01
233,1.40464e+00,9.24842e-01,1.51185e+00,1.87920e+00,2.72700e+00,1.07482e+01
234,1.40676e+00,9.26944e-01,1.51397e+00,1.88133e+00,2.72916e+00,1.07506e+01
235,1.40742e+00,9.27595e-01,1.51462e+00,1.88199e+00,2.72983e+00,1.07514e+01
236,1.40660e+00,9.26781e-01,1.51380e+00,1.88117e+00,2.72899e+00,1.07504e+01
237,1.40429e+00,9.24487e-01,1.51149e+00,1.87884e+00,2.72664e+00,1.07478e+01
238,1.40047e+00,9.20701e-01,1.50767e+00,1.87500e+00,2.72275e+00,1.07435e+01
239,1.39515e+00,9.15410e-01,1.50233e+00,1.86964e+00,2.71732e+00,1.07374e+01
240,1.38829e+00,9.08602e-01,1.49547e+00,1.86274e+00,2.71034e+00,1.07296e+01
241,1.37989e+00,9.00265e-01,1.48706e+00,1.85428e+00,2.70178e+00,1.07201e+01
242,1.36995e+00,8.90389e-01,1.47710e+00,1.84427e+00,2.69164e+00,1.07088e+01
243,1.35844e+00,8.78961e-01,1.46557e+00,1.83268e+00,2.67991e+00,1.06957e+01
244,1.34536e+00,8.65972e-01,1.45247e+00,1.81951e+00,2.66658e+00,1.06808e+01
245,1.33070e+00,8.51411e-01,1.43779e+00,1.80475e+00,2.65163e+00,1.06642e+01
246,1.31445e+00,8.35271e-01,1.42151e+00,1.78838e+00,2.63507e+00,1.06457e+01
247,1.29659e+00,8.17542e-01,1.40363e+00,1.77040e+00,2.61687e+00,1.06254e+01
248,1.27713e+00,7.98215e-01,1.38414e+00,1.75081e+00,2.59703e+00,1.06033e+01
249,1.25605e+00,7.77283e-01,1.36302e+00,1.72958e+00,2.57555e+00,1.05794e+01
250,1.23335e+00,7.54739e-01,1.34029e+00,1.70673e+00,2.55241e+00,1.05536e+01
251,1.20902e+00,7.30576e-01,1.31592e+00,1.68223e+00,2.52761e+00,1.05259e+01
252,1.18305e+00,7.04787e-01,1.28991e+00,1.65608e+00,2.50114e+00,1.04964e+01
253,1.15544e+00,6.77367e-01,1.26225e+00,1.62828e+00,2.47300e+00,1.04650e+01
254,1.12618e+00,6.48311e-01,1.23295e+00,1.59882e+00,2.44318e+00,1.04318e+01
255,1.09527e+00,6.17614e-01,1.20199e+00,1.56769e+00,2.41167e+00,1.03967e+01
256,1.06270e+00,5.85272e-01,1.16937e+00,1.53490e+00,2.37848e+00,1.03597e+01
257,1.02847e+00,5.51281e-01,1.13509e+00,1.50043e+00,2.34359e+00,1.03208e+01
258,9.92580e-01,5.15638e-01,1.09914e+00,1.46430e+00,2.30701e+00,1.02800e+01
259,9.55023e-01,4.78341e-01,1.06153e+00,1.42648e+00,2.26873e+00,1.02374e+01
260,9.15798e-01,4.39387e-01,1.02224e+00,1.38699e+00,2.22875e+00,1.01928e+01
261,8.74903e-01,3.98775e-01,9.81283e-01,1.34581e+00,2.18708e+00,1.01464e+01
262,8.32338e-01,3.56504e-01,9.38651e-01,1.30295e+00,2.14369e+00,1.00980e+01
263,7.88100e-01,3.12572e-01,8.94346e-01,1.25841e+00,2.09861e+00,1.00478e+01
264,7.42192e-01,2.66981e-01,8.48367e-01,1.21219e+00,2.05182e+00,9.99568e+00
265,6.94613e-01,2.19731e-01,8.00714e-01,1.16428e+00,2.00333e+00,9.94166e+00
266,6.45364e-01,1.70822e-01,7.51389e-01,1.11470e+00,1.95314e+00,9.88574e+00
267,5.94448e-01,1.20256e-01,7.00393e-01,1.06343e+00,1.90125e+00,9.82793e+00
268,5.41865e-01,6.80360e-02,6.47730e-01,1.01049e+00,1.84766e+00,9.76824e+00
269,4.87619e-01,1.41637e-02,5.93400e-01,9.55869e-01,1.79238e+00,9.70666e+00
270,4.31713e-01,-4.13576e-02,5.37407e-01,8.99581e-01,1.73541e+00,9.64321e+00
271,3.74150e-01,-9.85246e-02,4.79756e-01,8.41624e-01,1.67675e+00,9.57787e+00
272,3.14935e-01,-1.57332e-01,4.20449e-01,7.82005e-01,1.61640e+00,9.51067e+00
273,2.54073e-01,-2.17777e-01,3.59493e-01,7.20726e-01,1.55438e+00,9.44160e+00
274,1.91567e-01,-2.79853e-01,2.96891e-01,6.57794e-01,1.49068e+00,9.37068e+00
275,1.27426e-01,-3.43555e-01,2.32651e-01,5.93215e-01,1.42532e+00,9.29790e+00
276,6.16533e-02,-4.08876e-01,1.66777e-01,5.26995e-01,1.35830e+00,9.22328e+00
277,-5.74325e-03,-4.75811e-01,9.92772e-02,4.59139e-01,1.28962e+00,9.14682e+00
278,-7.47559e-02,-5.44351e-01,3.01586e-02,3.89657e-01,1.21930e+00,9.06854e+00
279,-1.45377e-01,-6.14490e-01,-4.05712e-02,3.18555e-01,1.14734e+00,8.98844e+00
280,-2.17599e-01,-6.86217e-01,-1.12904e-01,2.45843e-01,1.07375e+00,8.90653e+00
281,-2.91412e-01,-7.59527e-01,-1.86830e-01,1.71528e-01,9.98535e-01,8.82282e+00
282,-3.66808e-01,-8.34408e-01,-2.62341e-01,9.56213e-02,9.21713e-01,8.73733e+00
283,-4.43776e-01,-9.10851e-01,-3.39427e-01,1.81315e-02,8.43289e-01,8.65007e+00
284,-5.22307e-01,-9.88846e-01,-4.18077e-01,-6.09308e-02,7.63275e-01,8.56104e+00
285,-6.02388e-01,-1.06838e+00,-4.98282e-01,-1.41555e-01,6.81681e-01,8.47026e+00
286,-6.84011e-01,-1.14945e+00,-5.80028e-01,-2.23729e-01,5.98520e-01,8.37775e+00
287,-7.67161e-01,-1.23204e+00,-6.63306e-01,-3.07441e-01,5.13802e-01,8.28351e+00
288,-8.51828e-01,-1.31613e+00,-7.48102e-01,-3.92679e-01,4.27541e-01,8.18757e+00
289,-9.37999e-01,-1.40171e+00,-8.34403e-01,-4.79431e-01,3.39750e-01,8.08993e+00
290,-1.02566e+00,-1.48878e+00,-9.22198e-01,-5.67682e-01,2.50442e-01,7.99062e+00
291,-1.11480e+00,-1.57732e+00,-1.01148e+00,-6.57424e-01,1.59627e-01,7.88964e+00
292,-1.20540e+00,-1.66731e+00,-1.10221e+00,-7.48634e-01,6.73271e-02,7.78702e+00
293,-1.29745e+00,-1.75874e+00,-1.19440e+00,-8.41301e-01,-2.64460e-02,7.68277e+00
294,-1.39093e+00,-1.85159e+00,-1.28803e+00,-9.35410e-01,-1.21677e-01,7.57691e+00
295,-1.48583e+00,-1.94585e+00,-1.38307e+00,-1.03094e+00,-2.18350e-01,7.46946e+00
296,-1.58213e+00,-2.04150e+00,-1.47951e+00,-1.12789e+00,-3.16450e-01,7.36044e+00
297,-1.67982e+00,-2.13853e+00,-1.57735e+00,-1.22623e+00,-4.15958e-01,7.24986e+00
298,-1.77887e+00,-2.23692e+00,-1.67655e+00,-1.32595e+00,-5.16858e-01,7.13774e+00
299,-1.87928e+00,-2.33665e+00,-1.77711e+00,-1.42702e+00,-6.19133e-01,7.02412e+00
300,-1.98102e+00,-2.43770e+00,-1.87900e+00,-1.52944e+00,-7.22763e-01,6.90899e+00
301,-2.08407e+00,-2.54007e+00,-1.98221e+00,-1.63318e+00,-8.27732e-01,6.79240e+00
302,-2.18842e+00,-2.64372e+00,-2.08672e+00,-1.73822e+00,-9.34018e-01,6.67435e+00
303,-2.29405e+00,-2.74864e+00,-2.19250e+00,-1.84455e+00,-1.04160e+00,6.55488e+00
304,-2.40094e+00,-2.85482e+00,-2.29955e+00,-1.95215e+00,-1.15047e+00,6.43400e+00
305,-2.50907e+00,-2.96222e+00,-2.40784e+00,-2.06099e+00,-1.26059e+00,6.31173e+00
306,-2.61841e+00,-3.07084e+00,-2.51735e+00,-2.17106e+00,-1.37196e+00,6.18810e+00
307,-2.72895e+00,-3.18065e+00,-2.62805e+00,-2.28233e+00,-1.48454e+00,6.06314e+00
308,-2.84067e+00,-3.29162e+00,-2.73994e+00,-2.39479e+00,-1.59832e+00,5.93686e+00
309,-2.95355e+00,-3.40375e+00,-2.85298e+00,-2.50841e+00,-1.71327e+00,5.80930e+00
310,-3.06756e+00,-3.51700e+00,-2.96716e+00,-2.62317e+00,-1.82937e+00,5.68047e+00
311,-3.18268e+00,-3.63136e+00,-3.08245e+00,-2.73905e+00,-1.94660e+00,5.55041e+00
312,-3.29889e+00,-3.74680e+00,-3.19883e+00,-2.85602e+00,-2.06494e+00,5.41914e+00
313,-3.41616e+00,-3.86330e+00,-3.31628e+00,-2.97407e+00,-2.18436e+00,5.28668e+00
314,-3.53448e+00,-3.98084e+00,-3.43478e+00,-3.09316e+00,-2.30485e+00,5.15306e+00
315,-3.65382e+00,-4.09940e+00,-3.55430e+00,-3.21328e+00,-2.42636e+00,5.01831e+00
316,-3.77416e+00,-4.21894e+00,-3.67481e+00,-3.33440e+00,-2.54889e+00,4.88246e+00
317,-3.89547e+00,-4.33945e+00,-3.79630e+00,-3.45650e+00,-2.67241e+00,4.74553e+00
318,-4.01772e+00,-4.46091e+00,-3.91873e+00,-3.57955e+00,-2.79689e+00,4.60755e+00
319,-4.14090e+00,-4.58328e+00,-4.04209e+00,-3.70353e+00,-2.92230e+00,4.46855e+00
320,-4.26498e+00,-4.70654e+00,-4.16635e+00,-3.82842e+00,-3.04863e+00,4.32857e+00
321,-4.38992e+00,-4.83067e+00,-4.29148e+00,-3.95417e+00,-3.17584e+00,4.18762e+00
322,-4.51572e+00,-4.95565e+00,-4.41745e+00,-4.08078e+00,-3.30390e+00,4.04574e+00
323,-4.64233e+00,-5.08144e+00,-4.54425e+00,-4.20822e+00,-3.43280e+00,3.90295e+00
324,-4.76974e+00,-5.20802e+00,-4.67185e+00,-4.33645e+00,-3.56251e+00,3.75930e+00
325,-4.89792e+00,-5.33536e+00,-4.80021e+00,-4.46545e+00,-3.69299e+00,3.61480e+00
326,-5.02683e+00,-5.46344e+00,-4.92932e+00,-4.59520e+00,-3.82423e+00,3.46949e+00
327,-5.15646e+00,-5.59223e+00,-5.05913e+00,-4.72566e+00,-3.95618e+00,3.32340e+00
328,-5.28678e+00,-5.72170e+00,-5.18964e+00,-4.85682e+00,-4.08883e+00,3.17656e+00
329,-5.41775e+00,-5.85183e+00,-5.32080e+00,-4.98863e+00,-4.22215e+00,3.02901e+00
330,-5.54936e+00,-5.98259e+00,-5.45260e+00,-5.12108e+00,-4.35611e+00,2.88076e+00
331,-5.68157e+00,-6.11395e+00,-5.58500e+00,-5.25414e+00,-4.49068e+00,2.73187e+00
332,-5.81435e+00,-6.24588e+00,-5.71798e+00,-5.38777e+00,-4.62583e+00,2.58235e+00
333,-5.94769e+00,-6.37835e+00,-5.85150e+00,-5.52195e+00,-4.76153e+00,2.43224e+00
334,-6.08153e+00,-6.51134e+00,-5.98554e+00,-5.65665e+00,-4.89776e+00,2.28157e+00
335,-6.21587e+00,-6.64482e+00,-6.12007e+00,-5.79184e+00,-5.03448e+00,2.13038e+00
336,-6.35067e+00,-6.77876e+00,-6.25506e+00,-5.92750e+00,-5.17166e+00,1.97869e+00
337,-6.48590e+00,-6.91312e+00,-6.39048e+00,-6.06358e+00,-5.30928e+00,1.82655e+00
338,-6.62152e+00,-7.04789e+00,-6.52630e+00,-6.20007e+00,-5.44731e+00,1.67398e+00
339,-6.75752e+00,-7.18302e+00,-6.66250e+00,-6.33693e+00,-5.58570e+00,1.52102e+00
340,-6.89387e+00,-7.31850e+00,-6.79904e+00,-6.47413e+00,-5.72445e+00,1.36771e+00
341,-7.03052e+00,-7.45429e+00,-6.93588e+00,-6.61165e+00,-5.86350e+00,1.21406e+00
342,-7.16746e+00,-7.59035e+00,-7.07302e+00,-6.74945e+00,-6.00284e+00,1.06013e+00
343,-7.30465e+00,-7.72668e+00,-7.21040e+00,-6.88750e+00,-6.14244e+00,9.05937e-01
344,-7.44206e+00,-7.86322e+00,-7.34801e+00,-7.02577e+00,-6.28225e+00,7.51522e-01
345,-7.57966e+00,-7.99996e+00,-7.48580e+00,-7.16423e+00,-6.42226e+00,5.96919e-01
346,-7.71743e+00,-8.13685e+00,-7.62376e+00,-7.30286e+00,-6.56242e+00,4.42161e-01
347,-7.85532e+00,-8.27388e+00,-7.76185e+00,-7.44162e+00,-6.70272e+00,2.87282e-01
348,-7.99332e+00,-8.41101e+00,-7.90004e+00,-7.58047e+00,-6.84312e+00,1.32318e-01
349,-8.13139e+00,-8.54821e+00,-8.03830e+00,-7.71940e+00,-6.98358e+00,-2.26988e-02
350,-8.26949e+00,-8.68545e+00,-8.17660e+00,-7.85836e+00,-7.12408e+00,-1.77733e-01
351,-8.40760e+00,-8.82270e+00,-8.31491e+00,-7.99733e+00,-7.26458e+00,-3.32749e-01
352,-8.54570e+00,-8.95993e+00,-8.45319e+00,-8.13628e+00,-7.40506e+00,-4.87714e-01
353,-8.68373e+00,-9.09711e+00,-8.59142e+00,-8.27517e+00,-7.54548e+00,-6.42593e-01
354,-8.82169e+00,-9.23421e+00,-8.72957e+00,-8.41397e+00,-7.68580e+00,-7.97351e-01
355,-8.95953e+00,-9.37119e+00,-8.86760e+00,-8.55266e+00,-7.82601e+00,-9.51954e-01
356,-9.09722e+00,-9.50803e+00,-9.00548e+00,-8.69120e+00,-7.96607e+00,-1.10637e+00
357,-9.23474e+00,-9.64470e+00,-9.14319e+00,-8.82957e+00,-8.10595e+00,-1.26056e+00
358,-9.37205e+00,-9.78116e+00,-9.28069e+00,-8.96772e+00,-8.24560e+00,-1.41449e+00
359,-9.50912e+00,-9.91738e+00,-9.41795e+00,-9.10563e+00,-8.38502e+00,-1.56813e+00
360,-9.64592e+00,-1.00533e+01,-9.55495e+00,-9.24327e+00,-8.52416e+00,-1.72144e+00
361,-9.78242e+00,-1.01890e+01,-9.69164e+00,-9.38061e+00,-8.66298e+00,-1.87438e+00
362,-9.91860e+00,-1.03243e+01,-9.82800e+00,-9.51761e+00,-8.80147e+00,-2.02694e+00
363,-1.00544e+01,-1.04593e+01,-9.96400e+00,-9.65425e+00,-8.93959e+00,-2.17906e+00
364,-1.01898e+01,-1.05939e+01,-1.00996e+01,-9.79049e+00,-9.07731e+00,-2.33072e+00
365,-1.03248e+01,-1.07281e+01,-1.02348e+01,-9.92631e+00,-9.21459e+00,-2.48189e+00
366,-1.04594e+01,-1.08618e+01,-1.03695e+01,-1.00617e+01,-9.35141e+00,-2.63252e+00
367,-1.05934e+01,-1.09951e+01,-1.05038e+01,-1.01966e+01,-9.48774e+00,-2.78258e+00
368,-1.07270e+01,-1.11278e+01,-1.06375e+01,-1.03309e+01,-9.62354e+00,-2.93205e+00
369,-1.08600e+01,-1.12600e+01,-1.07707e+01,-1.04647e+01,-9.75879e+00,-3.08089e+00
370,-1.09924e+01,-1.13916e+01,-1.09033e+01,-1.05980e+01,-9.89345e+00,-3.22906e+00
371,-1.11243e+01,-1.15227e+01,-1.10353e+01,-1.07306e+01,-1.00275e+01,-3.37654e+00
372,-1.12555e+01,-1.16531e+01,-1.11667e+01,-1.08626e+01,-1.01609e+01,-3.52328e+00
373,-1.13860e+01,-1.17828e+01,-1.12974e+01,-1.09939e+01,-1.02936e+01,-3.66926e+00
374,-1.15159e+01,-1.19119e+01,-1.14274e+01,-1.11245e+01,-1.04256e+01,-3.81445e+00
375,-1.16450e+01,-1.20403e+01,-1.15568e+01,-1.12544e+01,-1.05569e+01,-3.95881e+00
376,-1.17734e+01,-1.21679e+01,-1.16853e+01,-1.13836e+01,-1.06874e+01,-4.10231e+00
377,-1.19010e+01,-1.22947e+01,-1.18131e+01,-1.15119e+01,-1.08172e+01,-4.24491e+00
378,-1.20278e+01,-1.24207e+01,-1.19401e+01,-1.16395e+01,-1.09461e+01,-4.38660e+00
379,-1.21538e+01,-1.25460e+01,-1.20662e+01,-1.17662e+01,-1.10741e+01,-4.52733e+00
380,-1.22789e+01,-1.26703e+01,-1.21915e+01,-1.18921e+01,-1.12013e+01,-4.66708e+00
381,-1.24031e+01,-1.27938e+01,-1.23158e+01,-1.20170e+01,-1.13276e+01,-4.80581e+00
382,-1.25264e+01,-1.29163e+01,-1.24393e+01,-1.21410e+01,-1.14529e+01,-4.94349e+00
383,-1.26487e+01,-1.30380e+01,-1.25618e+01,-1.22641e+01,-1.15773e+01,-5.08010e+00
384,-1.27701e+01,-1.31586e+01,-1.26833e+01,-1.23862e+01,-1.17006e+01,-5.21560e+00
385,-1.28905e+01,-1.32783e+01,-1.28039e+01,-1.25073e+01,-1.18230e+01,-5.34997e+00
386,-1.30098e+01,-1.33969e+01,-1.29234e+01,-1.26273e+01,-1.19443e+01,-5.48317e+00
387,-1.31281e+01,-1.35145e+01,-1.30418e+01,-1.27463e+01,-1.20645e+01,-5.61517e+00
388,-1.32453e+01,-1.36310e+01,-1.31592e+01,-1.28642e+01,-1.21837e+01,-5.74596e+00
389,-1.33614e+01,-1.37465e+01,-1.32755e+01,-1.29810e+01,-1.23017e+01,-5.87549e+00
390,-1.34764e+01,-1.38608e+01,-1.33906e+01,-1.30967e+01,-1.24185e+01,-6.00375e+00
391,-1.35902e+01,-1.39739e+01,-1.35046e+01,-1.32112e+01,-1.25342e+01,-6.13070e+00
392,-1.37029e+01,-1.40859e+01,-1.36174e+01,-1.33245e+01,-1.26487e+01,-6.25632e+00
393,-1.38143e+01,-1.41967e+01,-1.37290e+01,-1.34366e+01,-1.27619e+01,-6.38057e+00
394,-1.39245e+01,-1.43063e+01,-1.38393e+01,-1.35474e+01,-1.28739e+01,-6.50344e+00
395,-1.40335e+01,-1.44146e+01,-1.39484e+01,-1.36570e+01,-1.29847e+01,-6.62490e+00
396,-1.41412e+01,-1.45216e+01,-1.40563e+01,-1.37653e+01,-1.30941e+01,-6.74492e+00
397,-1.42476e+01,-1.46274e+01,-1.41628e+01,-1.38723e+01,-1.32022e+01,-6.86348e+00
398,-1.43526e+01,-1.47318e+01,-1.42680e+01,-1.39780e+01,-1.33090e+01,-6.98055e+00
399,-1.44564e+01,-1.48350e+01,-1.43718e+01,-1.40823e+01,-1.34144e+01,-7.09611e+00
400,-1.45587e+01,-1.49367e+01,-1.44743e+01,-1.41853e+01,-1.35184e+01,-7.21013e+00
401,-1.46597e+01,-1.50371e+01,-1.45754e+01,-1.42868e+01,-1.36210e+01,-7.32259e+00
402,-1.47592e+01,-1.51361e+01,-1.46751e+01,-1.43869e+01,-1.37221e+01,-7.43347e+00
403,-1.48574e+01,-1.52336e+01,-1.47734e+01,-1.44856e+01,-1.38218e+01,-7.54274e+00
404,-1.49540e+01,-1.53297e+01,-1.48702e+01,-1.45829e+01,-1.39201e+01,-7.65038e+00
405,-1.50492e+01,-1.54244e+01,-1.49655e+01,-1.46786e+01,-1.40168e+01,-7.75638e+00
406,-1.51430e+01,-1.55176e+01,-1.50593e+01,-1.47729e+01,-1.41120e+01,-7.86071e+00
407,-1.52352e+01,-1.56092e+01,-1.51517e+01,-1.48656e+01,-1.42057e+01,-7.96334e+00
408,-1.53258e+01,-1.56994e+01,-1.52425e+01,-1.49568e+01,-1.42978e+01,-8.06426e+00
409,-1.54150e+01,-1.57880e+01,-1.53317e+01,-1.50464e+01,-1.43884e+01,-8.16345e+00
410,-1.55025e+01,-1.58751e+01,-1.54194e+01,-1.51345e+01,-1.44773e+01,-8.26090e+00
411,-1.55885e+01,-1.59606e+01,-1.55055e+01,-1.52210e+01,-1.45647e+01,-8.35657e+00
412,-1.56729e+01,-1.60445e+01,-1.55900e+01,-1.53059e+01,-1.46504e+01,-8.45045e+00
413,-1.57557e+01,-1.61268e+01,-1.56729e+01,-1.53891e+01,-1.47345e+01,-8.54253e+00
414,-1.58368e+01,-1.62075e+01,-1.57541e+01,-1.54707e+01,-1.48169e+01,-8.63279e+00
415,-1.59163e+01,-1.62865e+01,-1.58337e+01,-1.55507e+01,-1.48977e+01,-8.72121e+00
416,-1.59942e+01,-1.63639e+01,-1.59117e+01,-1.56290e+01,-1.49768e+01,-8.80777e+00
417,-1.60703e+01,-1.64396e+01,-1.59879e+01,-1.57056e+01,-1.50542e+01,-8.89246e+00
418,-1.61448e+01,-1.65137e+01,-1.60625e+01,-1.57804e+01,-1.51298e+01,-8.97527e+00
419,-1.62176e+01,-1.65860e+01,-1.61354e+01,-1.58536e+01,-1.52037e+01,-9.05618e+00
420,-1.62887e+01,-1.66567e+01,-1.62065e+01,-1.59251e+01,-1.52759e+01,-9.13517e+00
421,-1.63580e+01,-1.67256e+01,-1.62759e+01,-1.59948e+01,-1.53463e+01,-9.21224e+00
422,-1.64256e+01,-1.67928e+01,-1.63436e+01,-1.60628e+01,-1.54150e+01,-9.28736e+00
423,-1.64914e+01,-1.68583e+01,-1.64095e+01,-1.61290e+01,-1.54819e+01,-9.36053e+00
424,-1.65555e+01,-1.69220e+01,-1.64737e+01,-1.61934e+01,-1.55469e+01,-9.43174e+00
425,-1.66178e+01,-1.69839e+01,-1.65360e+01,-1.62561e+01,-1.56102e+01,-9.50097e+00
426,-1.66783e+01,-1.70441e+01,-1.65966e+01,-1.63169e+01,-1.56717e+01,-9.56822e+00
427,-1.67370e+01,-1.71025e+01,-1.66554e+01,-1.63760e+01,-1.57313e+01,-9.63347e+00
428,-1.67939e+01,-1.71591e+01,-1.67124e+01,-1.64332e+01,-1.57892e+01,-9.69671e+00
429,-1.68491e+01,-1.72139e+01,-1.67676e+01,-1.64887e+01,-1.58451e+01,-9.75794e+00
430,-1.69024e+01,-1.72669e+01,-1.68210e+01,-1.65423e+01,-1.58993e+01,-9.81714e+00
431,-1.69538e+01,-1.73181e+01,-1.68725e+01,-1.65940e+01,-1.59515e+01,-9.87432e+00
432,-1.70035e+01,-1.73674e+01,-1.69222e+01,-1.66439e+01,-1.60020e+01,-9.92946e+00
433,-1.70513e+01,-1.74150e+01,-1.69701e+01,-1.66920e+01,-1.60505e+01,-9.98256e+00
434,-1.70972e+01,-1.74607e+01,-1.70161e+01,-1.67382e+01,-1.60972e+01,-1.00336e+01
435,-1.71414e+01,-1.75045e+01,-1.70603e+01,-1.67826e+01,-1.61420e+01,-1.00826e+01
436,-1.71836e+01,-1.75466e+01,-1.71026e+01,-1.68251e+01,-1.61849e+01,-1.01295e+01
437,-1.72240e+01,-1.75868e+01,-1.71431e+01,-1.68657e+01,-1.62260e+01,-1.01744e+01
438,-1.72626e+01,-1.76251e+01,-1.71817e+01,-1.69045e+01,-1.62651e+01,-1.02172e+01
439,-1.72993e+01,-1.76616e+01,-1.72184e+01,-1.69414e+01,-1.63024e+01,-1.02579e+01
440,-1.73341e+01,-1.76962e+01,-1.72533e+01,-1.69764e+01,-1.63377e+01,-1.02966e+01
441,-1.73670e+01,-1.77289e+01,-1.72862e+01,-1.70095e+01,-1.63712e+01,-1.03332e+01
442,-1.73981e+01,-1.77599e+01,-1.73174e+01,-1.70408e+01,-1.64028e+01,-1.03677e+01
443,-1.74273e+01,-1.77889e+01,-1.73466e+01,-1.70702e+01,-1.64324e+01,-1.04001e+01
444,-1.74547e+01,-1.78161e+01,-1.73740e+01,-1.70977e+01,-1.64602e+01,-1.04305e+01
445,-1.74802e+01,-1.78414e+01,-1.73995e+01,-1.71233e+01,-1.64861e+01,-1.04588e+01
446,-1.75038e+01,-1.78649e+01,-1.74232e+01,-1.71470e+01,-1.65101e+01,-1.04850e+01
447,-1.75255e+01,-1.78866e+01,-1.74449e+01,-1.71689e+01,-1.65322e+01,-1.05091e+01
448,-1.75454e+01,-1.79063e+01,-1.74649e+01,-1.71889e+01,-1.65524e+01,-1.05312e+01
449,-1.75634e+01,-1.79243e+01,-1.74829e+01,-1.72070e+01,-1.65707e+01,-1.05512e+01
450,-1.75796e+01,-1.79403e+01,-1.74991e+01,-1.72233e+01,-1.65871e+01,-1.05692e+01
451,-1.75939e+01,-1.79546e+01,-1.75134e+01,-1.72377e+01,-1.66016e+01,-1.05851e+01
452,-1.76064e+01,-1.79670e+01,-1.75259e+01,-1.72503e+01,-1.66143e+01,-1.05989e+01
453,-1.76170e+01,-1.79776e+01,-1.75366e+01,-1.72609e+01,-1.66251e+01,-1.06107e+01
454,-1.76258e+01,-1.79863e+01,-1.75454e+01,-1.72698e+01,-1.66340e+01,-1.06205e+01
455,-1.76328e+01,-1.79932e+01,-1.75524e+01,-1.72768e+01,-1.66411e+01,-1.06282e+01
456,-1.76379e+01,-1.79983e+01,-1.75575e+01,-1.72820e+01,-1.66463e+01,-1.06339e+01
457,-1.76413e+01,-1.80016e+01,-1.75608e+01,-1.72853e+01,-1.66497e+01,-1.06376e+01
458,-1.76428e+01,-1.80031e+01,-1.75623e+01,-1.72868e+01,-1.66512e+01,-1.06393e+01
459,-1.76425e+01,-1.80029e+01,-1.75621e+01,-1.72865e+01,-1.66510e+01,-1.06390e+01
460,-1.76404e+01,-1.80008e+01,-1.75600e+01,-1.72844e+01,-1.66488e+01,-1.06366e+01
461,-1.76366e+01,-1.79970e+01,-1.75561e+01,-1.72806e+01,-1.66449e+01,-1.06324e+01
462,-1.76309e+01,-1.79914e+01,-1.75505e+01,-1.72749e+01,-1.66392e+01,-1.06261e+01
463,-1.76235e+01,-1.79840e+01,-1.75431e+01,-1.72675e+01,-1.66317e+01,-1.06179e+01
464,-1.76144e+01,-1.79749e+01,-1.75339e+01,-1.72583e+01,-1.66224e+01,-1.06078e+01
465,-1.76035e+01,-1.79641e+01,-1.75230e+01,-1.72473e+01,-1.66114e+01,-1.05957e+01
466,-1.75909e+01,-1.79516e+01,-1.75104e+01,-1.72347e+01,-1.65986e+01,-1.05817e+01
467,-1.75766e+01,-1.79373e+01,-1.74961e+01,-1.72203e+01,-1.65840e+01,-1.05658e+01
468,-1.75606e+01,-1.79214e+01,-1.74800e+01,-1.72041e+01,-1.65677e+01,-1.05480e+01
469,-1.75428e+01,-1.79038e+01,-1.74623e+01,-1.71863e+01,-1.65497e+01,-1.05283e+01
470,-1.75235e+01,-1.78845e+01,-1.74429e+01,-1.71668e+01,-1.65301e+01,-1.05068e+01
471,-1.75024e+01,-1.78636e+01,-1.74218e+01,-1.71457e+01,-1.65087e+01,-1.04835e+01
472,-1.74797e+01,-1.78410e+01,-1.73991e+01,-1.71229e+01,-1.64857e+01,-1.04583e+01
473,-1.74554e+01,-1.78168e+01,-1.73748e+01,-1.70984e+01,-1.64610e+01,-1.04313e+01
474,-1.74295e+01,-1.77911e+01,-1.73488e+01,-1.70724e+01,-1.64346e+01,-1.04025e+01
475,-1.74020e+01,-1.77637e+01,-1.73212e+01,-1.70447e+01,-1.64067e+01,-1.03720e+01
476,-1.73729e+01,-1.77348e+01,-1.72921e+01,-1.70154e+01,-1.63771e+01,-1.03397e+01
477,-1.73422e+01,-1.77043e+01,-1.72614e+01,-1.69846e+01,-1.63460e+01,-1.03056e+01
478,-1.73100e+01,-1.76723e+01,-1.72292e+01,-1.69522e+01,-1.63133e+01,-1.02699e+01
479,-1.72763e+01,-1.76388e+01,-1.71954e+01,-1.69183e+01,-1.62791e+01,-1.02325e+01
480,-1.72411e+01,-1.76037e+01,-1.71602e+01,-1.68829e+01,-1.62433e+01,-1.01934e+01
481,-1.72044e+01,-1.75672e+01,-1.71234e+01,-1.68460e+01,-1.62060e+01,-1.01526e+01
482,-1.71662e+01,-1.75293e+01,-1.70852e+01,-1.68076e+01,-1.61673e+01,-1.01102e+01
483,-1.71266e+01,-1.74899e+01,-1.70455e+01,-1.67678e+01,-1.61270e+01,-1.00662e+01
484,-1.70856e+01,-1.74491e+01,-1.70044e+01,-1.67265e+01,-1.60853e+01,-1.00206e+01
485,-1.70431e+01,-1.74069e+01,-1.69619e+01,-1.66838e+01,-1.60422e+01,-9.97350e+00
486,-1.69993e+01,-1.73633e+01,-1.69181e+01,-1.66398e+01,-1.59977e+01,-9.92483e+00
487,-1.69541e+01,-1.73184e+01,-1.68728e+01,-1.65943e+01,-1.59518e+01,-9.87465e+00
488,-1.69076e+01,-1.72721e+01,-1.68263e+01,-1.65475e+01,-1.59046e+01,-9.82298e+00
489,-1.68598e+01,-1.72246e+01,-1.67784e+01,-1.64994e+01,-1.58560e+01,-9.76985e+00
490,-1.68107e+01,-1.71757e+01,-1.67292e+01,-1.64501e+01,-1.58061e+01,-9.71528e+00
491,-1.67603e+01,-1.71256e+01,-1.66787e+01,-1.63994e+01,-1.57550e+01,-9.65931e+00
492,-1.67087e+01,-1.70743e+01,-1.66270e+01,-1.63475e+01,-1.57025e+01,-9.60195e+00
493,-1.66558e+01,-1.70218e+01,-1.65741e+01,-1.62943e+01,-1.56489e+01,-9.54324e+00
494,-1.66018e+01,-1.69680e+01,-1.65200e+01,-1.62400e+01,-1.55940e+01,-9.48319e+00
495,-1.65466e+01,-1.69131e+01,-1.64648e+01,-1.61845e+01,-1.55379e+01,-9.42185e+00
496,-1.64902e+01,-1.68571e+01,-1.64083e+01,-1.61278e+01,-1.54807e+01,-9.35923e+00
497,-1.64328e+01,-1.68000e+01,-1.63508e+01,-1.60700e+01,-1.54223e+01,-9.29536e+00
498,-1.63742e+01,-1.67418e+01,-1.62922e+01,-1.60111e+01,-1.53628e+01,-9.23028e+00
499,-1.63146e+01,-1.66825e+01,-1.62325e+01,-1.59512e+01,-1.53023e+01,-9.16402e+00
500,-1.62539e+01,-1.66222e+01,-1.61718e+01,-1.58902e+01,-1.52407e+01,-9.09659e+00
