# Radius per segment (in mm): 30.0, 50.0, 10.0, 30.0, 10.0
Timestep,Temp_Node_1,Temp_Node_2,Temp_Node_3,Temp_Node_4,Temp_Node_5,Temp_Node_6
0,2.00000e+01,2.00000e+01,2.00000e+01,2.00000e+01,2.00000e+01,2.00000e+01
1,3.51786e+00,3.35218e+00,3.73690e+00,1.22357e+01,1.34281e+01,1.98552e+01
2,3.40126e+00,3.23586e+00,3.61993e+00,1.21044e+01,1.32948e+01,1.97106e+01
3,3.28490e+00,3.11977e+00,3.50320e+00,1.19733e+01,1.31617e+01,1.95664e+01
4,3.16882e+00,3.00396e+00,3.38675e+00,1.18426e+01,1.30290e+01,1.94226e+01
5,3.05303e+00,2.88845e+00,3.27060e+00,1.17123e+01,1.28966e+01,1.92792e+01
6,2.93757e+00,2.77327e+00,3.15478e+00,1.15823e+01,1.27646e+01,1.91363e+01
7,2.82247e+00,2.65844e+00,3.03931e+00,1.14528e+01,1.26330e+01,1.89938e+01
8,2.70775e+00,2.54399e+00,2.92424e+00,1.13237e+01,1.25019e+01,1.88518e+01
9,2.59344e+00,2.42996e+00,2.80957e+00,1.11951e+01,1.23713e+01,1.87103e+01
10,2.47958e+00,2.31636e+00,2.69535e+00,1.10670e+01,1.22413e+01,1.85695e+01
11,2.36617e+00,2.20323e+00,2.58159e+00,1.09394e+01,1.21117e+01,1.84292e+01
12,2.25327e+00,2.09059e+00,2.46833e+00,1.08124e+01,1.19828e+01,1.82896e+01
13,2.14088e+00,1.97846e+00,2.35559e+00,1.06860e+01,1.18545e+01,1.81507e+01
14,2.02904e+00,1.86689e+00,2.24341e+00,1.05603e+01,1.17268e+01,1.80125e+01
15,1.91778e+00,1.75589e+00,2.13180e+00,1.04352e+01,1.15998e+01,1.78750e+01
16,1.80712e+00,1.64549e+00,2.02079e+00,1.03108e+01,1.14735e+01,1.77383e+01
17,1.69709e+00,1.53572e+00,1.91042e+00,1.01871e+01,1.13479e+01,1.76025e+01
18,1.58771e+00,1.42660e+00,1.80071e+00,1.00642e+01,1.12231e+01,1.74674e+01
19,1.47902e+00,1.31816e+00,1.69168e+00,9.94208e+00,1.10991e+01,1.73333e+01
20,1.37103e+00,1.21042e+00,1.58336e+00,9.82076e+00,1.09759e+01,1.72000e+01
21,1.26378e+00,1.10342e+00,1.47577e+00,9.70028e+00,1.08536e+01,1.70677e+01
22,1.15729e+00,9.97181e-01,1.36895e+00,9.58067e+00,1.07322e+01,1.69363e+01
23,1.05159e+00,8.91721e-01,1.26292e+00,9.46196e+00,1.06117e+01,1.68059e+01
24,9.46691e-01,7.87070e-01,1.15770e+00,9.34417e+00,1.04921e+01,1.66766e+01
25,8.42632e-01,6.83253e-01,1.05333e+00,9.22734e+00,1.03735e+01,1.65483e+01
26,7.39435e-01,5.80295e-01,9.49811e-01,9.11148e+00,1.02559e+01,1.64212e+01
27,6.37123e-01,4.78220e-01,8.47185e-01,8.99664e+00,1.01393e+01,1.62951e+01
28,5.35721e-01,3.77054e-01,7.45473e-01,8.88283e+00,1.00237e+01,1.61702e+01
29,4.35254e-01,2.76819e-01,6.44698e-01,8.77008e+00,9.90930e+00,1.60464e+01
30,3.35745e-01,1.77540e-01,5.44885e-01,8.65843e+00,9.79595e+00,1.59239e+01
31,2.37219e-01,7.92411e-02,4.46058e-01,8.54789e+00,9.68374e+00,1.58026e+01
32,1.39698e-01,-1.80550e-02,3.48239e-01,8.43849e+00,9.57269e+00,1.56826e+01
33,4.32054e-02,-1.14325e-01,2.51452e-01,8.33025e+00,9.46282e+00,1.55639e+01
34,-5.22355e-02,-2.09546e-01,1.55721e-01,8.22321e+00,9.35417e+00,1.54464e+01
35,-1.46602e-01,-3.03696e-01,6.10672e-02,8.11738e+00,9.24675e+00,1.53304e+01
36,-2.39873e-01,-3.96752e-01,-3.24868e-02,8.01280e+00,9.14059e+00,1.52156e+01
37,-3.32025e-01,-4.88693e-01,-1.24919e-01,7.90948e+00,9.03572e+00,1.51023e+01
38,-4.23038e-01,-5.79497e-01,-2.16207e-01,7.80745e+00,8.93216e+00,1.49905e+01
39,-5.12889e-01,-6.69143e-01,-3.06331e-01,7.70673e+00,8.82994e+00,1.48800e+01
40,-6.01559e-01,-7.57610e-01,-3.95269e-01,7.60735e+00,8.72906e+00,1.47710e+01
41,-6.89026e-01,-8.44877e-01,-4.83001e-01,7.50932e+00,8.62957e+00,1.46636e+01
42,-7.75270e-01,-9.30924e-01,-5.69505e-01,7.41268e+00,8.53149e+00,1.45576e+01
43,-8.60271e-01,-1.01573e+00,-6.54764e-01,7.31744e+00,8.43482e+00,1.44532e+01
44,-9.44011e-01,-1.09928e+00,-7.38756e-01,7.22362e+00,8.33961e+00,1.43504e+01
45,-1.02647e+00,-1.18155e+00,-8.21462e-01,7.13125e+00,8.24585e+00,1.42492e+01
46,-1.10762e+00,-1.26252e+00,-9.02858e-01,7.04034e+00,8.15360e+00,1.41495e+01
47,-1.18746e+00,-1.34218e+00,-9.82938e-01,6.95092e+00,8.06284e+00,1.40516e+01
48,-1.26596e+00,-1.42050e+00,-1.06168e+00,6.86300e+00,7.97362e+00,1.39552e+01
49,-1.34311e+00,-1.49748e+00,-1.13906e+00,6.77661e+00,7.88594e+00,1.38606e+01
50,-1.41889e+00,-1.57308e+00,-1.21506e+00,6.69176e+00,7.79983e+00,1.37676e+01
51,-1.49328e+00,-1.64730e+00,-1.28968e+00,6.60847e+00,7.71531e+00,1.36764e+01
52,-1.56627e+00,-1.72012e+00,-1.36288e+00,6.52676e+00,7.63239e+00,1.35869e+01
53,-1.63783e+00,-1.79153e+00,-1.43466e+00,6.44665e+00,7.55109e+00,1.34991e+01
54,-1.70796e+00,-1.86150e+00,-1.50500e+00,6.36815e+00,7.47143e+00,1.34131e+01
55,-1.77664e+00,-1.93002e+00,-1.57388e+00,6.29128e+00,7.39342e+00,1.33289e+01
56,-1.84385e+00,-1.99708e+00,-1.64130e+00,6.21606e+00,7.31709e+00,1.32466e+01
57,-1.90959e+00,-2.06267e+00,-1.70723e+00,6.14250e+00,7.24244e+00,1.31660e+01
58,-1.97383e+00,-2.12676e+00,-1.77166e+00,6.07062e+00,7.16950e+00,1.30873e+01
59,-2.03656e+00,-2.18936e+00,-1.83458e+00,6.00042e+00,7.09827e+00,1.30104e+01
60,-2.09777e+00,-2.25043e+00,-1.89597e+00,5.93194e+00,7.02878e+00,1.29355e+01
61,-2.15746e+00,-2.30998e+00,-1.95583e+00,5.86517e+00,6.96103e+00,1.28624e+01
62,-2.21559e+00,-2.36799e+00,-2.01414e+00,5.80014e+00,6.89504e+00,1.27912e+01
63,-2.27217e+00,-2.42444e+00,-2.07089e+00,5.73685e+00,6.83081e+00,1.27219e+01
64,-2.32719e+00,-2.47933e+00,-2.12607e+00,5.67531e+00,6.76837e+00,1.26545e+01
65,-2.38063e+00,-2.53265e+00,-2.17967e+00,5.61555e+00,6.70773e+00,1.25891e+01
66,-2.43248e+00,-2.58438e+00,-2.23167e+00,5.55756e+00,6.64889e+00,1.25256e+01
67,-2.48273e+00,-2.63452e+00,-2.28207e+00,5.50136e+00,6.59187e+00,1.24641e+01
68,-2.53138e+00,-2.68306e+00,-2.33087e+00,5.44696e+00,6.53667e+00,1.24046e+01
69,-2.57841e+00,-2.72999e+00,-2.37804e+00,5.39436e+00,6.48330e+00,1.23470e+01
70,-2.62382e+00,-2.77530e+00,-2.42358e+00,5.34359e+00,6.43178e+00,1.22915e+01
71,-2.66760e+00,-2.81898e+00,-2.46750e+00,5.29464e+00,6.38212e+00,1.22379e+01
72,-2.70975e+00,-2.86103e+00,-2.50976e+00,5.24752e+00,6.33431e+00,1.21863e+01
73,-2.75025e+00,-2.90144e+00,-2.55038e+00,5.20225e+00,6.28837e+00,1.21368e+01
74,-2.78910e+00,-2.94021e+00,-2.58935e+00,5.15881e+00,6.24430e+00,1.20893e+01
75,-2.82630e+00,-2.97732e+00,-2.62666e+00,5.11724e+00,6.20212e+00,1.20438e+01
76,-2.86183e+00,-3.01278e+00,-2.66230e+00,5.07752e+00,6.16182e+00,1.20003e+01
77,-2.89570e+00,-3.04657e+00,-2.69627e+00,5.03966e+00,6.12341e+00,1.19589e+01
78,-2.92790e+00,-3.07870e+00,-2.72856e+00,5.00367e+00,6.08689e+00,1.19195e+01
79,-2.95843e+00,-3.10916e+00,-2.75918e+00,4.96955e+00,6.05227e+00,1.18822e+01
80,-2.98728e+00,-3.13795e+00,-2.78812e+00,4.93730e+00,6.01955e+00,1.18469e+01
81,-3.01446e+00,-3.16507e+00,-2.81537e+00,4.90693e+00,5.98874e+00,1.18137e+01
82,-3.03995e+00,-3.19050e+00,-2.84094e+00,4.87844e+00,5.95983e+00,1.17825e+01
83,-3.06377e+00,-3.21426e+00,-2.86483e+00,4.85183e+00,5.93283e+00,1.17534e+01
84,-3.08590e+00,-3.23635e+00,-2.88702e+00,4.82710e+00,5.90774e+00,1.17264e+01
85,-3.10635e+00,-3.25675e+00,-2.90753e+00,4.80425e+00,5.88456e+00,1.17014e+01
86,-3.12511e+00,-3.27547e+00,-2.92635e+00,4.78328e+00,5.86328e+00,1.16784e+01
87,-3.14219e+00,-3.29252e+00,-2.94349e+00,4.76419e+00,5.84392e+00,1.16576e+01
88,-3.15760e+00,-3.30789e+00,-2.95893e+00,4.74698e+00,5.82646e+00,1.16387e+01
89,-3.17132e+00,-3.32158e+00,-2.97270e+00,4.73165e+00,5.81090e+00,1.16220e+01
90,-3.18337e+00,-3.33360e+00,-2.98478e+00,4.71819e+00,5.79725e+00,1.16072e+01
91,-3.19374e+00,-3.34394e+00,-2.99518e+00,4.70660e+00,5.78549e+00,1.15946e+01
92,-3.20244e+00,-3.35262e+00,-3.00390e+00,4.69688e+00,5.77563e+00,1.15839e+01
93,-3.20947e+00,-3.35964e+00,-3.01096e+00,4.68902e+00,5.76765e+00,1.15753e+01
94,-3.21484e+00,-3.36500e+00,-3.01634e+00,4.68302e+00,5.76157e+00,1.15688e+01
95,-3.21855e+00,-3.36870e+00,-3.02006e+00,4.67888e+00,5.75736e+00,1.15642e+01
96,-3.22061e+00,-3.37075e+00,-3.02213e+00,4.67658e+00,5.75503e+00,1.15617e+01
97,-3.22100e+00,-3.37114e+00,-3.02252e+00,4.67613e+00,5.75457e+00,1.15612e+01
98,-3.21978e+00,-3.36993e+00,-3.02130e+00,4.67750e+00,5.75596e+00,1.15627e+01
99,-3.21692e+00,-3.36708e+00,-3.01843e+00,4.68070e+00,5.75921e+00,1.15662e+01
100,-3.21243e+00,-3.36259e+00,-3.01392e+00,4.68572e+00,5.76430e+00,1.15717e+01
101,-3.20631e+00,-3.35649e+00,-3.00779e+00,4.69255e+00,5.77123e+00,1.15792e+01
102,-3.19859e+00,-3.34879e+00,-3.00005e+00,4.70118e+00,5.77999e+00,1.15886e+01
103,-3.18927e+00,-3.33949e+00,-2.99070e+00,4.71160e+00,5.79056e+00,1.16000e+01
104,-3.17835e+00,-3.32859e+00,-2.97975e+00,4.72379e+00,5.80293e+00,1.16134e+01
105,-3.16585e+00,-3.31612e+00,-2.96721e+00,4.73776e+00,5.81710e+00,1.16286e+01
106,-3.15178e+00,-3.30208e+00,-2.95310e+00,4.75348e+00,5.83306e+00,1.16458e+01
107,-3.13614e+00,-3.28648e+00,-2.93742e+00,4.77095e+00,5.85078e+00,1.16649e+01
108,-3.11896e+00,-3.26933e+00,-2.92018e+00,4.79016e+00,5.87026e+00,1.16860e+01
109,-3.10024e+00,-3.25065e+00,-2.90140e+00,4.81108e+00,5.89149e+00,1.17088e+01
110,-3.07999e+00,-3.23045e+00,-2.88109e+00,4.83371e+00,5.91445e+00,1.17336e+01
111,-3.05822e+00,-3.20873e+00,-2.85927e+00,4.85803e+00,5.93913e+00,1.17602e+01
112,-3.03496e+00,-3.18552e+00,-2.83593e+00,4.88403e+00,5.96550e+00,1.17886e+01
113,-3.01021e+00,-3.16082e+00,-2.81111e+00,4.91169e+00,5.99357e+00,1.18189e+01
114,-2.98398e+00,-3.13466e+00,-2.78481e+00,4.94100e+00,6.02330e+00,1.18510e+01
115,-2.95630e+00,-3.10703e+00,-2.75704e+00,4.97194e+00,6.05470e+00,1.18848e+01
116,-2.92717e+00,-3.07797e+00,-2.72783e+00,5.00449e+00,6.08773e+00,1.19204e+01
117,-2.89662e+00,-3.04749e+00,-2.69718e+00,5.03864e+00,6.12238e+00,1.19578e+01
118,-2.86465e+00,-3.01559e+00,-2.66512e+00,5.07437e+00,6.15863e+00,1.19969e+01
119,-2.83129e+00,-2.98230e+00,-2.63166e+00,5.11167e+00,6.19647e+00,1.20377e+01
120,-2.79654e+00,-2.94764e+00,-2.59682e+00,5.15050e+00,6.23587e+00,1.20802e+01
121,-2.76044e+00,-2.91161e+00,-2.56060e+00,5.19086e+00,6.27682e+00,1.21243e+01
122,-2.72299e+00,-2.87425e+00,-2.52305e+00,5.23273e+00,6.31930e+00,1.21701e+01
123,-2.68422e+00,-2.83556e+00,-2.48416e+00,5.27608e+00,6.36328e+00,1.22176e+01
124,-2.64413e+00,-2.79557e+00,-2.44395e+00,5.32089e+00,6.40875e+00,1.22666e+01
125,-2.60276e+00,-2.75429e+00,-2.40246e+00,5.36715e+00,6.45569e+00,1.23172e+01
126,-2.56012e+00,-2.71174e+00,-2.35969e+00,5.41483e+00,6.50407e+00,1.23694e+01
127,-2.51622e+00,-2.66794e+00,-2.31567e+00,5.46391e+00,6.55387e+00,1.24231e+01
128,-2.47110e+00,-2.62292e+00,-2.27041e+00,5.51437e+00,6.60507e+00,1.24784e+01
129,-2.42477e+00,-2.57669e+00,-2.22394e+00,5.56619e+00,6.65765e+00,1.25351e+01
130,-2.37724e+00,-2.52927e+00,-2.17627e+00,5.61934e+00,6.71158e+00,1.25932e+01
131,-2.32855e+00,-2.48069e+00,-2.12744e+00,5.67380e+00,6.76684e+00,1.26529e+01
132,-2.27871e+00,-2.43096e+00,-2.07745e+00,5.72954e+00,6.82340e+00,1.27139e+01
133,-2.22774e+00,-2.38011e+00,-2.02633e+00,5.78655e+00,6.88125e+00,1.27763e+01
134,-2.17567e+00,-2.32816e+00,-1.97410e+00,5.84479e+00,6.94035e+00,1.28400e+01
135,-2.12252e+00,-2.27512e+00,-1.92080e+00,5.90425e+00,7.00068e+00,1.29051e+01
136,-2.06831e+00,-2.22104e+00,-1.86643e+00,5.96490e+00,7.06222e+00,1.29715e+01
137,-2.01307e+00,-2.16592e+00,-1.81102e+00,6.02671e+00,7.12495e+00,1.30392e+01
138,-1.95681e+00,-2.10979e+00,-1.75459e+00,6.08966e+00,7.18882e+00,1.31081e+01
139,-1.89957e+00,-2.05267e+00,-1.69718e+00,6.15371e+00,7.25382e+00,1.31783e+01
140,-1.84136e+00,-1.99459e+00,-1.63880e+00,6.21885e+00,7.31992e+00,1.32496e+01
141,-1.78221e+00,-1.93558e+00,-1.57947e+00,6.28505e+00,7.38710e+00,1.33221e+01
142,-1.72214e+00,-1.87565e+00,-1.51922e+00,6.35227e+00,7.45532e+00,1.33957e+01
143,-1.66119e+00,-1.81483e+00,-1.45809e+00,6.42050e+00,7.52456e+00,1.34705e+01
144,-1.59937e+00,-1.75315e+00,-1.39608e+00,6.48971e+00,7.59479e+00,1.35463e+01
145,-1.53670e+00,-1.69063e+00,-1.33323e+00,6.55986e+00,7.66597e+00,1.36231e+01
146,-1.47322e+00,-1.62729e+00,-1.26956e+00,6.63092e+00,7.73810e+00,1.37010e+01
147,-1.40896e+00,-1.56317e+00,-1.20510e+00,6.70288e+00,7.81112e+00,1.37798e+01
148,-1.34393e+00,-1.49829e+00,-1.13987e+00,6.77570e+00,7.88502e+00,1.38596e+01
149,-1.27816e+00,-1.43267e+00,-1.07391e+00,6.84935e+00,7.95976e+00,1.39403e+01
150,-1.21168e+00,-1.36634e+00,-1.00723e+00,6.92380e+00,8.03532e+00,1.40218e+01
151,-1.14452e+00,-1.29933e+00,-9.39864e-01,6.99902e+00,8.11166e+00,1.41043e+01
152,-1.07669e+00,-1.23166e+00,-8.71839e-01,7.07498e+00,8.18875e+00,1.41875e+01
153,-1.00824e+00,-1.16337e+00,-8.03182e-01,7.15166e+00,8.26657e+00,1.42715e+01
154,-9.39189e-01,-1.09447e+00,-7.33919e-01,7.22902e+00,8.34508e+00,1.43563e+01
155,-8.69558e-01,-1.02500e+00,-6.64078e-01,7.30703e+00,8.42426e+00,1.44418e+01
156,-7.99379e-01,-9.54978e-01,-5.93687e-01,7.38566e+00,8.50406e+00,1.45280e+01
157,-7.28679e-01,-8.84439e-01,-5.22774e-01,7.46488e+00,8.58447e+00,1.46149e+01
158,-6.57486e-01,-8.13409e-01,-4.51366e-01,7.54466e+00,8.66544e+00,1.47023e+01
159,-5.85829e-01,-7.41916e-01,-3.79492e-01,7.62498e+00,8.74696e+00,1.47904e+01
160,-5.13733e-01,-6.69985e-01,-3.07178e-01,7.70579e+00,8.82898e+00,1.48790e+01
161,-4.41228e-01,-5.97646e-01,-2.34453e-01,7.78706e+00,8.91147e+00,1.49681e+01
162,-3.68342e-01,-5.24927e-01,-1.61346e-01,7.86877e+00,8.99440e+00,1.50577e+01
163,-2.95104e-01,-4.51857e-01,-8.78857e-02,7.95087e+00,9.07774e+00,1.51477e+01
164,-2.21542e-01,-3.78464e-01,-1.41002e-02,8.03335e+00,9.16146e+00,1.52382e+01
165,-1.47684e-01,-3.04776e-01,5.99820e-02,8.11617e+00,9.24552e+00,1.53290e+01
166,-7.35597e-02,-2.30821e-01,1.34332e-01,8.19930e+00,9.32989e+00,1.54202e+01
167,8.03265e-04,-1.56630e-01,2.08921e-01,8.28269e+00,9.41455e+00,1.55117e+01
168,7.53761e-02,-8.22284e-02,2.83721e-01,8.36634e+00,9.49945e+00,1.56034e+01
169,1.50130e-01,-7.64698e-03,3.58703e-01,8.45019e+00,9.58457e+00,1.56954e+01
170,2.25036e-01,6.70864e-02,4.33838e-01,8.53422e+00,9.66987e+00,1.57876e+01
171,3.00066e-01,1.41943e-01,5.09097e-01,8.61840e+00,9.75531e+00,1.58800e+01
172,3.75190e-01,2.16893e-01,5.84450e-01,8.70269e+00,9.84088e+00,1.59725e+01
173,4.50379e-01,2.91909e-01,6.59870e-01,8.78706e+00,9.92653e+00,1.60651e+01
174,5.25606e-01,3.66962e-01,7.35327e-01,8.87148e+00,1.00122e+01,1.61577e+01
175,6.00842e-01,4.42023e-01,8.10793e-01,8.95592e+00,1.00979e+01,1.62504e+01
176,6.76057e-01,5.17064e-01,8.86239e-01,9.04034e+00,1.01836e+01,1.63431e+01
177,7.51222e-01,5.92055e-01,9.61635e-01,9.12472e+00,1.02693e+01,1.64357e+01
178,8.26310e-01,6.66969e-01,1.03695e+00,9.20901e+00,1.03549e+01,1.65282e+01
179,9.01291e-01,7.41776e-01,1.11217e+00,9.29320e+00,1.04403e+01,1.66206e+01
180,9.76138e-01,8.16448e-01,1.18724e+00,9.37724e+00,1.05257e+01,1.67129e+01
181,1.05082e+00,8.90957e-01,1.26215e+00,9.46110e+00,1.06108e+01,1.68050e+01
182,1.12531e+00,9.65274e-01,1.33688e+00,9.54476e+00,1.06957e+01,1.68969e+01
183,1.19958e+00,1.03937e+00,1.41137e+00,9.62817e+00,1.07804e+01,1.69885e+01
184,1.27360e+00,1.11322e+00,1.48562e+00,9.71131e+00,1.08648e+01,1.70798e+01
185,1.34735e+00,1.18679e+00,1.55960e+00,9.79415e+00,1.09489e+01,1.71708e+01
186,1.42079e+00,1.26006e+00,1.63326e+00,9.87666e+00,1.10327e+01,1.72614e+01
187,1.49389e+00,1.33300e+00,1.70660e+00,9.95880e+00,1.11161e+01,1.73516e+01
188,1.56664e+00,1.40557e+00,1.77957e+00,1.00405e+01,1.11991e+01,1.74414e+01
189,1.63900e+00,1.47776e+00,1.85215e+00,1.01218e+01,1.12816e+01,1.75307e+01
190,1.71094e+00,1.54954e+00,1.92432e+00,1.02027e+01,1.13637e+01,1.76196e+01
191,1.78244e+00,1.62087e+00,1.99604e+00,1.02831e+01,1.14453e+01,1.77079e+01
192,1.85347e+00,1.69173e+00,2.06729e+00,1.03629e+01,1.15264e+01,1.77956e+01
193,1.92400e+00,1.76210e+00,2.13804e+00,1.04422e+01,1.16069e+01,1.78827e+01
194,1.99401e+00,1.83194e+00,2.20826e+00,1.05209e+01,1.16868e+01,1.79692e+01
195,2.06346e+00,1.90123e+00,2.27794e+00,1.05990e+01,1.17661e+01,1.80550e+01
196,2.13234e+00,1.96995e+00,2.34703e+00,1.06764e+01,1.18447e+01,1.81402e+01
197,2.20062e+00,2.03806e+00,2.41552e+00,1.07532e+01,1.19227e+01,1.82245e+01
198,2.26826e+00,2.10555e+00,2.48337e+00,1.08293e+01,1.19999e+01,1.83082e+01
199,2.33525e+00,2.17238e+00,2.55057e+00,1.09046e+01,1.20764e+01,1.83910e+01
200,2.40156e+00,2.23853e+00,2.61708e+00,1.09792e+01,1.21521e+01,1.84730e+01
201,2.46716e+00,2.30397e+00,2.68289e+00,1.10530e+01,1.22271e+01,1.85541e+01
202,2.53203e+00,2.36869e+00,2.74796e+00,1.11260e+01,1.23012e+01,1.86344e+01
203,2.59614e+00,2.43265e+00,2.81227e+00,1.11981e+01,1.23744e+01,1.87137e+01
204,2.65947e+00,2.49583e+00,2.87580e+00,1.12693e+01,1.24468e+01,1.87920e+01
205,2.72199e+00,2.55820e+00,2.93852e+00,1.13397e+01,1.25182e+01,1.88694e+01
206,2.78368e+00,2.61975e+00,3.00041e+00,1.14091e+01,1.25887e+01,1.89457e+01
207,2.84452e+00,2.68044e+00,3.06144e+00,1.14776e+01,1.26582e+01,1.90211e+01
208,2.90448e+00,2.74026e+00,3.12159e+00,1.15451e+01,1.27268e+01,1.90953e+01
209,2.96354e+00,2.79918e+00,3.18083e+00,1.16115e+01,1.27943e+01,1.91684e+01
210,3.02168e+00,2.85718e+00,3.23915e+00,1.16770e+01,1.28607e+01,1.92404e+01
211,3.07887e+00,2.91423e+00,3.29652e+00,1.17414e+01,1.29261e+01,1.93112e+01
212,3.13509e+00,2.97031e+00,3.35291e+00,1.18046e+01,1.29904e+01,1.93808e+01
213,3.19031e+00,3.02541e+00,3.40832e+00,1.18668e+01,1.30535e+01,1.94493e+01
214,3.24453e+00,3.07950e+00,3.46270e+00,1.19279e+01,1.31155e+01,1.95164e+01
215,3.29770e+00,3.13255e+00,3.51605e+00,1.19877e+01,1.31763e+01,1.95823e+01
216,3.34983e+00,3.18454e+00,3.56833e+00,1.20464e+01,1.32359e+01,1.96469e+01
217,3.40087e+00,3.23547e+00,3.61954e+00,1.21039e+01,1.32943e+01,1.97102e+01
218,3.45082e+00,3.28530e+00,3.66965e+00,1.21602e+01,1.33515e+01,1.97721e+01
219,3.49965e+00,3.33401e+00,3.71863e+00,1.22152e+01,1.34073e+01,1.98326e+01
220,3.54734e+00,3.38159e+00,3.76648e+00,1.22689e+01,1.34619e+01,1.98917e+01
221,3.59388e+00,3.42801e+00,3.81316e+00,1.23213e+01,1.35151e+01,1.99494e+01
222,3.63924e+00,3.47327e+00,3.85866e+00,1.23724e+01,1.35670e+01,2.00057e+01
223,3.68341e+00,3.51733e+00,3.90297e+00,1.24222e+01,1.36175e+01,2.00604e+01
224,3.72636e+00,3.56018e+00,3.94606e+00,1.24706e+01,1.36667e+01,2.01137e+01
225,3.76808e+00,3.60180e+00,3.98791e+00,1.25176e+01,1.37144e+01,2.01654e+01
226,3.80856e+00,3.64218e+00,4.02851e+00,1.25632e+01,1.37607e+01,2.02156e+01
227,3.84776e+00,3.68129e+00,4.06785e+00,1.26073e+01,1.38056e+01,2.02643e+01
228,3.88569e+00,3.71912e+00,4.10589e+00,1.26501e+01,1.38490e+01,2.03113e+01
229,3.92232e+00,3.75566e+00,4.14264e+00,1.26914e+01,1.38909e+01,2.03568e+01
230,3.95763e+00,3.79089e+00,4.17806e+00,1.27311e+01,1.39314e+01,2.04006e+01
231,3.99161e+00,3.82479e+00,4.21215e+00,1.27694e+01,1.39703e+01,2.04428e+01
232,4.02425e+00,3.85735e+00,4.24489e+00,1.28062e+01,1.40076e+01,2.04833e+01
233,4.05552e+00,3.88855e+00,4.27627e+00,1.28415e+01,1.40434e+01,2.05221e+01
234,4.08542e+00,3.91838e+00,4.30626e+00,1.28752e+01,1.40776e+01,2.05592e+01
235,4.11394e+00,3.94682e+00,4.33487e+00,1.29073e+01,1.41103e+01,2.05946e+01
236,4.14105e+00,3.97387e+00,4.36207e+00,1.29379e+01,1.41413e+01,2.06282e+01
237,4.16674e+00,3.99950e+00,4.38784e+00,1.29668e+01,1.41708e+01,2.06601e+01
238,4.19101e+00,4.02371e+00,4.41219e+00,1.29942e+01,1.41985e+01,2.06903e+01
239,4.21384e+00,4.04649e+00,4.43509e+00,1.30199e+01,1.42247e+01,2.07186e+01
240,4.23522e+00,4.06781e+00,4.45654e+00,1.30440e+01,1.42492e+01,2.07451e+01
241,4.25513e+00,4.08768e+00,4.47651e+00,1.30665e+01,1.42720e+01,2.07699e+01
242,4.27357e+00,4.10608e+00,4.49501e+00,1.30873e+01,1.42931e+01,2.07928e+01
243,4.29053e+00,4.12299e+00,4.51202e+00,1.31064e+01,1.43125e+01,2.08138e+01
244,4.30599e+00,4.13842e+00,4.52754e+00,1.31238e+01,1.43302e+01,2.08330e+01
245,4.31995e+00,4.15234e+00,4.54154e+00,1.31396e+01,1.43462e+01,2.08504e+01
246,4.33240e+00,4.16476e+00,4.55403e+00,1.31536e+01,1.43604e+01,2.08658e+01
247,4.34332e+00,4.17566e+00,4.56499e+00,1.31659e+01,1.43730e+01,2.08794e+01
248,4.35272e+00,4.18503e+00,4.57441e+00,1.31765e+01,1.43837e+01,2.08910e+01
249,4.36058e+00,4.19287e+00,4.58230e+00,1.31854e+01,1.43927e+01,2.09008e+01
250,4.36689e+00,4.19917e+00,4.58863e+00,1.31925e+01,1.43999e+01,2.09086e+01
251,4.37166e+00,4.20392e+00,4.59341e+00,1.31979e+01,1.44054e+01,2.09146e+01
252,4.37486e+00,4.20712e+00,4.59663e+00,1.32015e+01,1.44091e+01,2.09185e+01
253,4.37651e+00,4.20876e+00,4.59827e+00,1.32033e+01,1.44110e+01,2.09206e+01
254,4.37658e+00,4.20883e+00,4.59835e+00,1.32034e+01,1.44110e+01,2.09207e+01
255,4.37508e+00,4.20734e+00,4.59684e+00,1.32017e+01,1.44093e+01,2.09188e+01
256,4.37201e+00,4.20427e+00,4.59376e+00,1.31983e+01,1.44058e+01,2.09150e+01
257,4.36735e+00,4.19962e+00,4.58909e+00,1.31930e+01,1.44005e+01,2.09092e+01
258,4.36110e+00,4.19339e+00,4.58282e+00,1.31860e+01,1.43933e+01,2.09015e+01
259,4.35327e+00,4.18558e+00,4.57497e+00,1.31771e+01,1.43843e+01,2.08917e+01
260,4.34385e+00,4.17618e+00,4.56552e+00,1.31665e+01,1.43736e+01,2.08800e+01
261,4.33284e+00,4.16520e+00,4.55447e+00,1.31541e+01,1.43609e+01,2.08664e+01
262,4.32023e+00,4.15262e+00,4.54182e+00,1.31399e+01,1.43465e+01,2.08507e+01
263,4.30603e+00,4.13845e+00,4.52757e+00,1.31239e+01,1.43302e+01,2.08331e+01
264,4.29023e+00,4.12269e+00,4.51172e+00,1.31061e+01,1.43122e+01,2.08134e+01
265,4.27284e+00,4.10534e+00,4.49428e+00,1.30864e+01,1.42922e+01,2.07918e+01
266,4.25385e+00,4.08640e+00,4.47523e+00,1.30650e+01,1.42705e+01,2.07683e+01
267,4.23326e+00,4.06586e+00,4.45458e+00,1.30418e+01,1.42469e+01,2.07427e+01
268,4.21109e+00,4.04374e+00,4.43233e+00,1.30168e+01,1.42215e+01,2.07152e+01
269,4.18732e+00,4.02003e+00,4.40849e+00,1.29900e+01,1.41943e+01,2.06857e+01
270,4.16196e+00,3.99473e+00,4.38305e+00,1.29615e+01,1.41653e+01,2.06542e+01
271,4.13502e+00,3.96786e+00,4.35602e+00,1.29311e+01,1.41344e+01,2.06207e+01
272,4.10650e+00,3.93940e+00,4.32740e+00,1.28989e+01,1.41018e+01,2.05853e+01
273,4.07639e+00,3.90937e+00,4.29720e+00,1.28650e+01,1.40673e+01,2.05480e+01
274,4.04471e+00,3.87776e+00,4.26542e+00,1.28293e+01,1.40310e+01,2.05087e+01
275,4.01146e+00,3.84459e+00,4.23206e+00,1.27918e+01,1.39930e+01,2.04674e+01
276,3.97664e+00,3.80986e+00,4.19714e+00,1.27526e+01,1.39531e+01,2.04242e+01
277,3.94027e+00,3.77357e+00,4.16065e+00,1.27116e+01,1.39115e+01,2.03790e+01
278,3.90234e+00,3.73573e+00,4.12260e+00,1.26688e+01,1.38681e+01,2.03320e+01
279,3.86286e+00,3.69635e+00,4.08299e+00,1.26244e+01,1.38229e+01,2.02830e+01
280,3.82185e+00,3.65543e+00,4.04185e+00,1.25781e+01,1.37760e+01,2.02321e+01
281,3.77930e+00,3.61299e+00,3.99916e+00,1.25302e+01,1.37273e+01,2.01793e+01
282,3.73523e+00,3.56902e+00,3.95495e+00,1.24805e+01,1.36768e+01,2.01247e+01
283,3.68964e+00,3.52354e+00,3.90922e+00,1.24292e+01,1.36247e+01,2.00681e+01
284,3.64254e+00,3.47656e+00,3.86197e+00,1.23761e+01,1.35708e+01,2.00097e+01
285,3.59394e+00,3.42808e+00,3.81322e+00,1.23214e+01,1.35152e+01,1.99495e+01
286,3.54386e+00,3.37811e+00,3.76298e+00,1.22650e+01,1.34579e+01,1.98874e+01
287,3.49230e+00,3.32667e+00,3.71125e+00,1.22069e+01,1.33989e+01,1.98235e+01
288,3.43927e+00,3.27377e+00,3.65806e+00,1.21472e+01,1.33382e+01,1.97577e+01
289,3.38478e+00,3.21942e+00,3.60340e+00,1.20858e+01,1.32759e+01,1.96902e+01
290,3.32885e+00,3.16362e+00,3.54729e+00,1.20228e+01,1.32120e+01,1.96209e+01
291,3.27149e+00,3.10639e+00,3.48975e+00,1.19582e+01,1.31464e+01,1.95498e+01
292,3.21270e+00,3.04775e+00,3.43078e+00,1.18920e+01,1.30791e+01,1.94770e+01
293,3.15251e+00,2.98770e+00,3.37040e+00,1.18243e+01,1.30103e+01,1.94024e+01
294,3.09093e+00,2.92626e+00,3.30862e+00,1.17549e+01,1.29399e+01,1.93261e+01
295,3.02796e+00,2.86344e+00,3.24545e+00,1.16840e+01,1.28679e+01,1.92482e+01
296,2.96362e+00,2.79926e+00,3.18091e+00,1.16116e+01,1.27944e+01,1.91685e+01
297,2.89794e+00,2.73373e+00,3.11502e+00,1.15377e+01,1.27193e+01,1.90872e+01
298,2.83091e+00,2.66686e+00,3.04778e+00,1.14623e+01,1.26427e+01,1.90042e+01
299,2.76257e+00,2.59868e+00,2.97922e+00,1.13853e+01,1.25646e+01,1.89196e+01
300,2.69291e+00,2.52919e+00,2.90935e+00,1.13070e+01,1.24850e+01,1.88334e+01
301,2.62197e+00,2.45842e+00,2.83819e+00,1.12271e+01,1.24039e+01,1.87456e+01
302,2.54975e+00,2.38637e+00,2.76574e+00,1.11459e+01,1.23214e+01,1.86563e+01
303,2.47628e+00,2.31307e+00,2.69204e+00,1.10632e+01,1.22375e+01,1.85654e+01
304,2.40157e+00,2.23854e+00,2.61710e+00,1.09792e+01,1.21522e+01,1.84730e+01
305,2.32563e+00,2.16278e+00,2.54092e+00,1.08938e+01,1.20654e+01,1.83791e+01
306,2.24850e+00,2.08583e+00,2.46354e+00,1.08070e+01,1.19773e+01,1.82837e+01
307,2.17017e+00,2.00769e+00,2.38498e+00,1.07190e+01,1.18879e+01,1.81869e+01
308,2.09068e+00,1.92838e+00,2.30524e+00,1.06296e+01,1.17971e+01,1.80887e+01
309,2.01004e+00,1.84794e+00,2.22435e+00,1.05389e+01,1.17051e+01,1.79890e+01
310,1.92827e+00,1.76636e+00,2.14232e+00,1.04470e+01,1.16118e+01,1.78880e+01
311,1.84540e+00,1.68368e+00,2.05919e+00,1.03538e+01,1.15172e+01,1.77856e+01
312,1.76144e+00,1.59991e+00,1.97497e+00,1.02595e+01,1.14213e+01,1.76819e+01
313,1.67641e+00,1.51508e+00,1.88968e+00,1.01639e+01,1.13243e+01,1.75769e+01
314,1.59033e+00,1.42921e+00,1.80333e+00,1.00672e+01,1.12261e+01,1.74707e+01
315,1.50323e+00,1.34231e+00,1.71596e+00,9.96929e+00,1.11267e+01,1.73631e+01
316,1.41513e+00,1.25441e+00,1.62759e+00,9.87030e+00,1.10262e+01,1.72544e+01
317,1.32604e+00,1.16554e+00,1.53822e+00,9.77022e+00,1.09246e+01,1.71445e+01
318,1.23599e+00,1.07570e+00,1.44790e+00,9.66907e+00,1.08219e+01,1.70334e+01
319,1.14501e+00,9.84929e-01,1.35664e+00,9.56688e+00,1.07182e+01,1.69212e+01
320,1.05311e+00,8.93245e-01,1.26446e+00,9.46367e+00,1.06134e+01,1.68078e+01
321,9.60325e-01,8.00672e-01,1.17138e+00,9.35948e+00,1.05076e+01,1.66934e+01
322,8.66667e-01,7.07232e-01,1.07743e+00,9.25432e+00,1.04009e+01,1.65780e+01
323,7.72165e-01,6.12950e-01,9.82642e-01,9.14823e+00,1.02932e+01,1.64615e+01
324,6.76843e-01,5.17848e-01,8.87027e-01,9.04122e+00,1.01845e+01,1.63440e+01
325,5.80723e-01,4.21952e-01,7.90613e-01,8.93334e+00,1.00750e+01,1.62256e+01
326,4.83832e-01,3.25285e-01,6.93425e-01,8.82460e+00,9.96463e+00,1.61063e+01
327,3.86193e-01,2.27872e-01,5.95487e-01,8.71503e+00,9.85341e+00,1.59860e+01
328,2.87832e-01,1.29738e-01,4.96825e-01,8.60467e+00,9.74138e+00,1.58649e+01
329,1.88773e-01,3.09073e-02,3.97464e-01,8.49354e+00,9.62857e+00,1.57430e+01
330,8.90422e-02,-6.85938e-02,2.97429e-01,8.38166e+00,9.51501e+00,1.56203e+01
331,-1.13352e-02,-1.68740e-01,1.96746e-01,8.26908e+00,9.40073e+00,1.54967e+01
332,-1.12333e-01,-2.69506e-01,9.54402e-02,8.15581e+00,9.28576e+00,1.53725e+01
333,-2.13926e-01,-3.70865e-01,-6.46140e-03,8.04189e+00,9.17012e+00,1.52476e+01
334,-3.16087e-01,-4.72792e-01,-1.08933e-01,7.92735e+00,9.05386e+00,1.51219e+01
335,-4.18791e-01,-5.75260e-01,-2.11948e-01,7.81221e+00,8.93699e+00,1.49957e+01
336,-5.22010e-01,-6.78243e-01,-3.15479e-01,7.69651e+00,8.81956e+00,1.48688e+01
337,-6.25717e-01,-7.81713e-01,-4.19501e-01,7.58027e+00,8.70158e+00,1.47414e+01
338,-7.29886e-01,-8.85644e-01,-5.23985e-01,7.46353e+00,8.58310e+00,1.46134e+01
339,-8.34490e-01,-9.90009e-01,-6.28905e-01,7.34632e+00,8.46414e+00,1.44849e+01
340,-9.39502e-01,-1.09478e+00,-7.34233e-01,7.22867e+00,8.34473e+00,1.43559e+01
341,-1.04489e+00,-1.19993e+00,-8.39942e-01,7.11061e+00,8.22491e+00,1.42266e+01
342,-1.15064e+00,-1.30544e+00,-9.46004e-01,6.99216e+00,8.10470e+00,1.40968e+01
343,-1.25671e+00,-1.41126e+00,-1.05239e+00,6.87337e+00,7.98414e+00,1.39666e+01
344,-1.36307e+00,-1.51739e+00,-1.15908e+00,6.75426e+00,7.86326e+00,1.38361e+01
345,-1.46971e+00,-1.62378e+00,-1.26603e+00,6.63487e+00,7.74210e+00,1.37053e+01
346,-1.57658e+00,-1.73042e+00,-1.37323e+00,6.51521e+00,7.62067e+00,1.35742e+01
347,-1.68367e+00,-1.83726e+00,-1.48064e+00,6.39534e+00,7.49902e+00,1.34429e+01
348,-1.79094e+00,-1.94429e+00,-1.58823e+00,6.27527e+00,7.37718e+00,1.33114e+01
349,-1.89837e+00,-2.05148e+00,-1.69598e+00,6.15505e+00,7.25518e+00,1.31798e+01
350,-2.00593e+00,-2.15880e+00,-1.80386e+00,6.03470e+00,7.13305e+00,1.30480e+01
351,-2.11359e+00,-2.26621e+00,-1.91184e+00,5.91425e+00,7.01083e+00,1.29161e+01
352,-2.22132e+00,-2.37370e+00,-2.01989e+00,5.79373e+00,6.88854e+00,1.27841e+01
353,-2.32909e+00,-2.48123e+00,-2.12798e+00,5.67319e+00,6.76622e+00,1.26522e+01
354,-2.43688e+00,-2.58877e+00,-2.23608e+00,5.55264e+00,6.64390e+00,1.25202e+01
355,-2.54465e+00,-2.69630e+00,-2.34417e+00,5.43212e+00,6.52162e+00,1.23883e+01
356,-2.65238e+00,-2.80379e+00,-2.45222e+00,5.31167e+00,6.39940e+00,1.22565e+01
357,-2.76003e+00,-2.91121e+00,-2.56020e+00,5.19131e+00,6.27728e+00,1.21248e+01
358,-2.86759e+00,-3.01852e+00,-2.66807e+00,5.07109e+00,6.15529e+00,1.19933e+01
359,-2.97502e+00,-3.12571e+00,-2.77581e+00,4.95102e+00,6.03347e+00,1.18619e+01
360,-3.08229e+00,-3.23274e+00,-2.88340e+00,4.83114e+00,5.91184e+00,1.17308e+01
361,-3.18937e+00,-3.33959e+00,-2.99080e+00,4.71148e+00,5.79044e+00,1.15999e+01
362,-3.29624e+00,-3.44622e+00,-3.09798e+00,4.59208e+00,5.66930e+00,1.14693e+01
363,-3.40286e+00,-3.55261e+00,-3.20492e+00,4.47297e+00,5.54846e+00,1.13390e+01
364,-3.50922e+00,-3.65873e+00,-3.31159e+00,4.35417e+00,5.42793e+00,1.12091e+01
365,-3.61527e+00,-3.76454e+00,-3.41795e+00,4.23573e+00,5.30777e+00,1.10796e+01
366,-3.72100e+00,-3.87004e+00,-3.52398e+00,4.11766e+00,5.18799e+00,1.09506e+01
367,-3.82636e+00,-3.97517e+00,-3.62966e+00,4.00001e+00,5.06864e+00,1.08219e+01
368,-3.93135e+00,-4.07992e+00,-3.73495e+00,3.88280e+00,4.94974e+00,1.06938e+01
369,-4.03592e+00,-4.18426e+00,-3.83982e+00,3.76607e+00,4.83132e+00,1.05662e+01
370,-4.14005e+00,-4.28816e+00,-3.94426e+00,3.64985e+00,4.71342e+00,1.04392e+01
371,-4.24371e+00,-4.39160e+00,-4.04822e+00,3.53416e+00,4.59606e+00,1.03128e+01
372,-4.34687e+00,-4.49453e+00,-4.15168e+00,3.41904e+00,4.47929e+00,1.01870e+01
373,-4.44951e+00,-4.59695e+00,-4.25462e+00,3.30452e+00,4.36312e+00,1.00619e+01
374,-4.55160e+00,-4.69881e+00,-4.35700e+00,3.19063e+00,4.24759e+00,9.93747e+00
375,-4.65310e+00,-4.80010e+00,-4.45880e+00,3.07740e+00,4.13273e+00,9.81379e+00
376,-4.75401e+00,-4.90078e+00,-4.56000e+00,2.96486e+00,4.01858e+00,9.69086e+00
377,-4.85427e+00,-5.00083e+00,-4.66055e+00,2.85304e+00,3.90515e+00,9.56873e+00
378,-4.95388e+00,-5.10022e+00,-4.76045e+00,2.74196e+00,3.79249e+00,9.44743e+00
379,-5.05280e+00,-5.19892e+00,-4.85966e+00,2.63167e+00,3.68062e+00,9.32700e+00
380,-5.15101e+00,-5.29692e+00,-4.95815e+00,2.52218e+00,3.56957e+00,9.20745e+00
381,-5.24848e+00,-5.39417e+00,-5.05589e+00,2.41353e+00,3.45937e+00,9.08883e+00
382,-5.34518e+00,-5.49066e+00,-5.15287e+00,2.30575e+00,3.35006e+00,8.97117e+00
383,-5.44109e+00,-5.58637e+00,-5.24906e+00,2.19886e+00,3.24165e+00,8.85449e+00
384,-5.53618e+00,-5.68125e+00,-5.34442e+00,2.09290e+00,3.13417e+00,8.73883e+00
385,-5.63043e+00,-5.77530e+00,-5.43894e+00,1.98788e+00,3.02767e+00,8.62422e+00
386,-5.72381e+00,-5.86848e+00,-5.53259e+00,1.88385e+00,2.92215e+00,8.51069e+00
387,-5.81630e+00,-5.96076e+00,-5.62534e+00,1.78082e+00,2.81766e+00,8.39826e+00
388,-5.90787e+00,-6.05214e+00,-5.71717e+00,1.67882e+00,2.71422e+00,8.28697e+00
389,-5.99850e+00,-6.14257e+00,-5.80806e+00,1.57788e+00,2.61186e+00,8.17684e+00
390,-6.08816e+00,-6.23204e+00,-5.89797e+00,1.47804e+00,2.51060e+00,8.06791e+00
391,-6.17683e+00,-6.32052e+00,-5.98690e+00,1.37930e+00,2.41046e+00,7.96020e+00
392,-6.26449e+00,-6.40799e+00,-6.07480e+00,1.28170e+00,2.31149e+00,7.85375e+00
393,-6.35111e+00,-6.49442e+00,-6.16167e+00,1.18527e+00,2.21370e+00,7.74857e+00
394,-6.43667e+00,-6.57980e+00,-6.24747e+00,1.09002e+00,2.11711e+00,7.64470e+00
395,-6.52114e+00,-6.66409e+00,-6.33219e+00,9.95995e-01,2.02176e+00,7.54215e+00
396,-6.60451e+00,-6.74728e+00,-6.41580e+00,9.03205e-01,1.92767e+00,7.44097e+00
397,-6.68675e+00,-6.82935e+00,-6.49827e+00,8.11683e-01,1.83486e+00,7.34118e+00
398,-6.76785e+00,-6.91027e+00,-6.57959e+00,7.21444e-01,1.74335e+00,7.24279e+00
399,-6.84777e+00,-6.99002e+00,-6.65974e+00,6.32515e-01,1.65318e+00,7.14584e+00
400,-6.92650e+00,-7.06859e+00,-6.73870e+00,5.44921e-01,1.56435e+00,7.05035e+00
401,-7.00402e+00,-7.14594e+00,-6.81644e+00,4.58682e-01,1.47691e+00,6.95635e+00
402,-7.08031e+00,-7.22207e+00,-6.89294e+00,3.73822e-01,1.39086e+00,6.86385e+00
403,-7.15535e+00,-7.29695e+00,-6.96819e+00,2.90363e-01,1.30623e+00,6.77289e+00
404,-7.22911e+00,-7.37055e+00,-7.04216e+00,2.08325e-01,1.22305e+00,6.68349e+00
405,-7.30159e+00,-7.44287e+00,-7.11483e+00,1.27730e-01,1.14133e+00,6.59566e+00
406,-7.37275e+00,-7.51388e+00,-7.18620e+00,4.85985e-02,1.06109e+00,6.50943e+00
407,-7.44258e+00,-7.58357e+00,-7.25623e+00,-2.90497e-02,9.82365e-01,6.42482e+00
408,-7.51107e+00,-7.65191e+00,-7.32491e+00,-1.05195e-01,9.05159e-01,6.34186e+00
409,-7.57820e+00,-7.71890e+00,-7.39222e+00,-1.79817e-01,8.29498e-01,6.26056e+00
410,-7.64394e+00,-7.78450e+00,-7.45815e+00,-2.52899e-01,7.55400e-01,6.18094e+00
411,-7.70828e+00,-7.84871e+00,-7.52267e+00,-3.24421e-01,6.82885e-01,6.10303e+00
412,-7.77121e+00,-7.91150e+00,-7.58578e+00,-3.94366e-01,6.11968e-01,6.02684e+00
413,-7.83271e+00,-7.97287e+00,-7.64745e+00,-4.62716e-01,5.42670e-01,5.95239e+00
414,-7.89277e+00,-8.03280e+00,-7.70767e+00,-5.29455e-01,4.75005e-01,5.87970e+00
415,-7.95136e+00,-8.09127e+00,-7.76643e+00,-5.94565e-01,4.08992e-01,5.80879e+00
416,-8.00848e+00,-8.14827e+00,-7.82370e+00,-6.58032e-01,3.44646e-01,5.73967e+00
417,-8.06411e+00,-8.20378e+00,-7.87948e+00,-7.19840e-01,2.81983e-01,5.67236e+00
418,-8.11823e+00,-8.25779e+00,-7.93376e+00,-7.79974e-01,2.21017e-01,5.60687e+00
419,-8.17084e+00,-8.31029e+00,-7.98651e+00,-8.38419e-01,1.61764e-01,5.54323e+00
420,-8.22192e+00,-8.36126e+00,-8.03773e+00,-8.95161e-01,1.04237e-01,5.48145e+00
421,-8.27145e+00,-8.41069e+00,-8.08741e+00,-9.50188e-01,4.84505e-02,5.42154e+00
422,-8.31944e+00,-8.45857e+00,-8.13552e+00,-1.00349e+00,-5.58328e-03,5.36351e+00
423,-8.36585e+00,-8.50489e+00,-8.18207e+00,-1.05504e+00,-5.78518e-02,5.30738e+00
424,-8.41070e+00,-8.54964e+00,-8.22704e+00,-1.10485e+00,-1.08343e-01,5.25316e+00
425,-8.45395e+00,-8.59281e+00,-8.27042e+00,-1.15289e+00,-1.57045e-01,5.20086e+00
426,-8.49561e+00,-8.63438e+00,-8.31219e+00,-1.19915e+00,-2.03948e-01,5.15050e+00
427,-8.53567e+00,-8.67435e+00,-8.35236e+00,-1.24363e+00,-2.49041e-01,5.10208e+00
428,-8.57411e+00,-8.71271e+00,-8.39090e+00,-1.28632e+00,-2.92314e-01,5.05561e+00
429,-8.61093e+00,-8.74945e+00,-8.42782e+00,-1.32720e+00,-3.33759e-01,5.01111e+00
430,-8.64611e+00,-8.78457e+00,-8.46311e+00,-1.36627e+00,-3.73366e-01,4.96859e+00
431,-8.67966e+00,-8.81804e+00,-8.49675e+00,-1.40352e+00,-4.11127e-01,4.92805e+00
432,-8.71156e+00,-8.84988e+00,-8.52874e+00,-1.43894e+00,-4.47036e-01,4.88950e+00
433,-8.74182e+00,-8.88007e+00,-8.55908e+00,-1.47253e+00,-4.81084e-01,4.85294e+00
434,-8.77041e+00,-8.90861e+00,-8.58775e+00,-1.50427e+00,-5.13266e-01,4.81839e+00
435,-8.79734e+00,-8.93548e+00,-8.61476e+00,-1.53417e+00,-5.43575e-01,4.78585e+00
436,-8.82261e+00,-8.96069e+00,-8.64009e+00,-1.56222e+00,-5.72007e-01,4.75533e+00
437,-8.84620e+00,-8.98424e+00,-8.66375e+00,-1.58841e+00,-5.98557e-01,4.72683e+00
438,-8.86812e+00,-9.00611e+00,-8.68573e+00,-1.61274e+00,-6.23220e-01,4.70035e+00
439,-8.88836e+00,-9.02631e+00,-8.70602e+00,-1.63520e+00,-6.45994e-01,4.67591e+00
440,-8.90691e+00,-9.04482e+00,-8.72463e+00,-1.65580e+00,-6.66875e-01,4.65349e+00
441,-8.92379e+00,-9.06166e+00,-8.74155e+00,-1.67453e+00,-6.85860e-01,4.63311e+00
442,-8.93897e+00,-9.07682e+00,-8.75678e+00,-1.69139e+00,-7.02949e-01,4.61477e+00
443,-8.95247e+00,-9.09029e+00,-8.77032e+00,-1.70637e+00,-7.18139e-01,4.59847e+00
444,-8.96429e+00,-9.10208e+00,-8.78216e+00,-1.71949e+00,-7.31430e-01,4.58420e+00
445,-8.97441e+00,-9.11218e+00,-8.79231e+00,-1.73072e+00,-7.42822e-01,4.57197e+00
446,-8.98285e+00,-9.12060e+00,-8.80077e+00,-1.74009e+00,-7.52317e-01,4.56178e+00
447,-8.98960e+00,-9.12734e+00,-8.80755e+00,-1.74758e+00,-7.59913e-01,4.55363e+00
448,-8.99467e+00,-9.13240e+00,-8.81263e+00,-1.75321e+00,-7.65614e-01,4.54751e+00
449,-8.99805e+00,-9.13577e+00,-8.81602e+00,-1.75696e+00,-7.69421e-01,4.54342e+00
450,-8.99976e+00,-9.13747e+00,-8.81773e+00,-1.75885e+00,-7.71339e-01,4.54136e+00
451,-8.99978e+00,-9.13750e+00,-8.81775e+00,-1.75888e+00,-7.71367e-01,4.54133e+00
452,-8.99814e+00,-9.13586e+00,-8.81610e+00,-1.75705e+00,-7.69514e-01,4.54332e+00
453,-8.99482e+00,-9.13255e+00,-8.81278e+00,-1.75337e+00,-7.65782e-01,4.54733e+00
454,-8.98984e+00,-9.12757e+00,-8.80778e+00,-1.74784e+00,-7.60176e-01,4.55334e+00
455,-8.98320e+00,-9.12095e+00,-8.80112e+00,-1.74047e+00,-7.52703e-01,4.56136e+00
456,-8.97490e+00,-9.11267e+00,-8.79280e+00,-1.73126e+00,-7.43368e-01,4.57138e+00
457,-8.96496e+00,-9.10274e+00,-8.78283e+00,-1.72022e+00,-7.32179e-01,4.58339e+00
458,-8.95337e+00,-9.09118e+00,-8.77121e+00,-1.70737e+00,-7.19144e-01,4.59739e+00
459,-8.94015e+00,-9.07799e+00,-8.75795e+00,-1.69269e+00,-7.04268e-01,4.61335e+00
460,-8.92530e+00,-9.06317e+00,-8.74307e+00,-1.67621e+00,-6.87562e-01,4.63129e+00
461,-8.90883e+00,-9.04674e+00,-8.72655e+00,-1.65793e+00,-6.69036e-01,4.65117e+00
462,-8.89076e+00,-9.02870e+00,-8.70843e+00,-1.63787e+00,-6.48697e-01,4.67301e+00
463,-8.87108e+00,-9.00907e+00,-8.68870e+00,-1.61603e+00,-6.26556e-01,4.69677e+00
464,-8.84982e+00,-8.98785e+00,-8.66737e+00,-1.59242e+00,-6.02625e-01,4.72246e+00
465,-8.82697e+00,-8.96505e+00,-8.64446e+00,-1.56706e+00,-5.76914e-01,4.75006e+00
466,-8.80255e+00,-8.94068e+00,-8.61998e+00,-1.53995e+00,-5.49436e-01,4.77956e+00
467,-8.77658e+00,-8.91476e+00,-8.59393e+00,-1.51112e+00,-5.20203e-01,4.81095e+00
468,-8.74905e+00,-8.88729e+00,-8.56633e+00,-1.48056e+00,-4.89228e-01,4.84420e+00
469,-8.72000e+00,-8.85830e+00,-8.53720e+00,-1.44830e+00,-4.56525e-01,4.87931e+00
470,-8.68942e+00,-8.82778e+00,-8.50653e+00,-1.41435e+00,-4.22107e-01,4.91626e+00
471,-8.65733e+00,-8.79576e+00,-8.47435e+00,-1.37872e+00,-3.85989e-01,4.95504e+00
472,-8.62374e+00,-8.76224e+00,-8.44068e+00,-1.34143e+00,-3.48186e-01,4.99562e+00
473,-8.58868e+00,-8.72725e+00,-8.40551e+00,-1.30250e+00,-3.08714e-01,5.03800e+00
474,-8.55214e+00,-8.69079e+00,-8.36888e+00,-1.26193e+00,-2.67589e-01,5.08216e+00
475,-8.51416e+00,-8.65289e+00,-8.33079e+00,-1.21975e+00,-2.24828e-01,5.12808e+00
476,-8.47474e+00,-8.61355e+00,-8.29126e+00,-1.17597e+00,-1.80447e-01,5.17573e+00
477,-8.43390e+00,-8.57279e+00,-8.25030e+00,-1.13061e+00,-1.34463e-01,5.22511e+00
478,-8.39165e+00,-8.53063e+00,-8.20794e+00,-1.08369e+00,-8.68965e-02,5.27619e+00
479,-8.34801e+00,-8.48709e+00,-8.16418e+00,-1.03523e+00,-3.77639e-02,5.32895e+00
480,-8.30301e+00,-8.44218e+00,-8.11905e+00,-9.85240e-01,1.29145e-02,5.38337e+00
481,-8.25665e+00,-8.39592e+00,-8.07257e+00,-9.33746e-01,6.51199e-02,5.43944e+00
482,-8.20896e+00,-8.34833e+00,-8.02474e+00,-8.80766e-01,1.18832e-01,5.49712e+00
483,-8.15995e+00,-8.29942e+00,-7.97559e+00,-8.26321e-01,1.74030e-01,5.55641e+00
484,-8.10964e+00,-8.24922e+00,-7.92515e+00,-7.70431e-01,2.30693e-01,5.61727e+00
485,-8.05805e+00,-8.19774e+00,-7.87342e+00,-7.13117e-01,2.88799e-01,5.67968e+00
486,-8.00521e+00,-8.14501e+00,-7.82042e+00,-6.54401e-01,3.48328e-01,5.74362e+00
487,-7.95112e+00,-8.09104e+00,-7.76619e+00,-5.94305e-01,4.09256e-01,5.80907e+00
488,-7.89582e+00,-8.03585e+00,-7.71073e+00,-5.32851e-01,4.71562e-01,5.87600e+00
489,-7.83932e+00,-7.97947e+00,-7.65408e+00,-4.70062e-01,5.35222e-01,5.94439e+00
490,-7.78165e+00,-7.92192e+00,-7.59624e+00,-4.05962e-01,6.00212e-01,6.01421e+00
491,-7.72281e+00,-7.86321e+00,-7.53724e+00,-3.40573e-01,6.66509e-01,6.08544e+00
492,-7.66285e+00,-7.80337e+00,-7.47711e+00,-2.73920e-01,7.34088e-01,6.15804e+00
493,-7.60177e+00,-7.74242e+00,-7.41586e+00,-2.06027e-01,8.02924e-01,6.23201e+00
494,-7.53961e+00,-7.68039e+00,-7.35352e+00,-1.36919e-01,8.72994e-01,6.30730e+00
495,-7.47638e+00,-7.61729e+00,-7.29011e+00,-6.66207e-02,9.44270e-01,6.38389e+00
496,-7.41210e+00,-7.55315e+00,-7.22566e+00,4.84153e-03,1.01673e+00,6.46175e+00
497,-7.34681e+00,-7.48800e+00,-7.16018e+00,7.74424e-02,1.09034e+00,6.54086e+00
498,-7.28052e+00,-7.42185e+00,-7.09371e+00,1.51156e-01,1.16508e+00,6.62119e+00
499,-7.21326e+00,-7.35473e+00,-7.02626e+00,2.25956e-01,1.24093e+00,6.70270e+00
500,-7.14505e+00,-7.28667e+00,-6.95786e+00,3.01814e-01,1.31784e+00,6.78537e+00
