# Radius per segment (in mm): 30.0, 20.0, 30.0, 50.0, 30.0
Timestep,Temp_Node_1,Temp_Node_2,Temp_Node_3,Temp_Node_4,Temp_Node_5,Temp_Node_6
0,2.00000e+01,2.00000e+01,2.00000e+01,2.00000e+01,2.00000e+01,2.00000e+01
1,1.64947e+01,1.62957e+01,1.76912e+01,1.85605e+01,1.90704e+01,1.99795e+01
2,1.64752e+01,1.62763e+01,1.76713e+01,1.85405e+01,1.90501e+01,1.99590e+01
3,1.64557e+01,1.62568e+01,1.76515e+01,1.85204e+01,1.90299e+01,1.99386e+01
4,1.64362e+01,1.62374e+01,1.76317e+01,1.85003e+01,1.90097e+01,1.99181e+01
5,1.64167e+01,1.62179e+01,1.76119e+01,1.84803e+01,1.89896e+01,1.98977e+01
6,1.63972e+01,1.61985e+01,1.75921e+01,1.84603e+01,1.89694e+01,1.98773e+01
7,1.63778e+01,1.61792e+01,1.75724e+01,1.84403e+01,1.89493e+01,1.98570e+01
8,1.63584e+01,1.61598e+01,1.75526e+01,1.84204e+01,1.89292e+01,1.98366e+01
9,1.63391e+01,1.61405e+01,1.75330e+01,1.84005e+01,1.89092e+01,1.98163e+01
10,1.63198e+01,1.61213e+01,1.75133e+01,1.83806e+01,1.88892e+01,1.97961e+01
11,1.63005e+01,1.61021e+01,1.74938e+01,1.83608e+01,1.88692e+01,1.97759e+01
12,1.62813e+01,1.60829e+01,1.74742e+01,1.83410e+01,1.88493e+01,1.97558e+01
13,1.62621e+01,1.60638e+01,1.74547e+01,1.83213e+01,1.88295e+01,1.97357e+01
14,1.62430e+01,1.60447e+01,1.74353e+01,1.83017e+01,1.88097e+01,1.97156e+01
15,1.62239e+01,1.60257e+01,1.74159e+01,1.82821e+01,1.87900e+01,1.96957e+01
16,1.62049e+01,1.60068e+01,1.73966e+01,1.82625e+01,1.87703e+01,1.96758e+01
17,1.61860e+01,1.59879e+01,1.73774e+01,1.82431e+01,1.87507e+01,1.96559e+01
18,1.61672e+01,1.59691e+01,1.73582e+01,1.82237e+01,1.87312e+01,1.96362e+01
19,1.61484e+01,1.59504e+01,1.73392e+01,1.82044e+01,1.87117e+01,1.96165e+01
20,1.61297e+01,1.59317e+01,1.73201e+01,1.81851e+01,1.86924e+01,1.95969e+01
21,1.61111e+01,1.59132e+01,1.73012e+01,1.81660e+01,1.86731e+01,1.95773e+01
22,1.60925e+01,1.58947e+01,1.72824e+01,1.81469e+01,1.86539e+01,1.95579e+01
23,1.60741e+01,1.58763e+01,1.72636e+01,1.81279e+01,1.86348e+01,1.95386e+01
24,1.60557e+01,1.58580e+01,1.72449e+01,1.81090e+01,1.86157e+01,1.95193e+01
25,1.60374e+01,1.58397e+01,1.72264e+01,1.80903e+01,1.85968e+01,1.95002e+01
26,1.60193e+01,1.58216e+01,1.72079e+01,1.80716e+01,1.85780e+01,1.94811e+01
27,1.60012e+01,1.58036e+01,1.71895e+01,1.80530e+01,1.85593e+01,1.94622e+01
28,1.59832e+01,1.57857e+01,1.71713e+01,1.80345e+01,1.85407e+01,1.94433e+01
29,1.59654e+01,1.57679e+01,1.71531e+01,1.80161e+01,1.85222e+01,1.94246e+01
30,1.59476e+01,1.57502e+01,1.71351e+01,1.79979e+01,1.85038e+01,1.94060e+01
31,1.59300e+01,1.57326e+01,1.71172e+01,1.79798e+01,1.84856e+01,1.93875e+01
32,1.59125e+01,1.57151e+01,1.70994e+01,1.79617e+01,1.84674e+01,1.93692e+01
33,1.58951e+01,1.56978e+01,1.70817e+01,1.79438e+01,1.84494e+01,1.93509e+01
34,1.58778e+01,1.56805e+01,1.70641e+01,1.79261e+01,1.84315e+01,1.93328e+01
35,1.58607e+01,1.56634e+01,1.70467e+01,1.79084e+01,1.84138e+01,1.93149e+01
36,1.58436e+01,1.56465e+01,1.70294e+01,1.78909e+01,1.83961e+01,1.92970e+01
37,1.58267e+01,1.56296e+01,1.70122e+01,1.78736e+01,1.83787e+01,1.92793e+01
38,1.58100e+01,1.56129e+01,1.69952e+01,1.78564e+01,1.83613e+01,1.92618e+01
39,1.57934e+01,1.55963e+01,1.69783e+01,1.78393e+01,1.83441e+01,1.92444e+01
40,1.57769e+01,1.55799e+01,1.69616e+01,1.78223e+01,1.83271e+01,1.92271e+01
41,1.57606e+01,1.55636e+01,1.69450e+01,1.78055e+01,1.83102e+01,1.92100e+01
42,1.57444e+01,1.55475e+01,1.69285e+01,1.77889e+01,1.82934e+01,1.91930e+01
43,1.57284e+01,1.55315e+01,1.69122e+01,1.77724e+01,1.82768e+01,1.91762e+01
44,1.57125e+01,1.55157e+01,1.68961e+01,1.77561e+01,1.82604e+01,1.91596e+01
45,1.56968e+01,1.55000e+01,1.68801e+01,1.77399e+01,1.82441e+01,1.91431e+01
46,1.56812e+01,1.54845e+01,1.68643e+01,1.77239e+01,1.82280e+01,1.91268e+01
47,1.56658e+01,1.54691e+01,1.68487e+01,1.77081e+01,1.82120e+01,1.91107e+01
48,1.56506e+01,1.54539e+01,1.68332e+01,1.76924e+01,1.81962e+01,1.90947e+01
49,1.56355e+01,1.54389e+01,1.68178e+01,1.76769e+01,1.81806e+01,1.90789e+01
50,1.56206e+01,1.54240e+01,1.68027e+01,1.76616e+01,1.81652e+01,1.90633e+01
51,1.56058e+01,1.54093e+01,1.67877e+01,1.76464e+01,1.81499e+01,1.90478e+01
52,1.55913e+01,1.53948e+01,1.67729e+01,1.76314e+01,1.81348e+01,1.90326e+01
53,1.55769e+01,1.53804e+01,1.67583e+01,1.76166e+01,1.81199e+01,1.90175e+01
54,1.55627e+01,1.53662e+01,1.67438e+01,1.76020e+01,1.81052e+01,1.90026e+01
55,1.55486e+01,1.53522e+01,1.67295e+01,1.75876e+01,1.80907e+01,1.89879e+01
56,1.55348e+01,1.53384e+01,1.67155e+01,1.75733e+01,1.80763e+01,1.89733e+01
57,1.55211e+01,1.53248e+01,1.67016e+01,1.75593e+01,1.80622e+01,1.89590e+01
58,1.55076e+01,1.53113e+01,1.66879e+01,1.75454e+01,1.80482e+01,1.89449e+01
59,1.54943e+01,1.52981e+01,1.66743e+01,1.75317e+01,1.80345e+01,1.89309e+01
60,1.54812e+01,1.52850e+01,1.66610e+01,1.75182e+01,1.80209e+01,1.89172e+01
61,1.54683e+01,1.52721e+01,1.66479e+01,1.75049e+01,1.80075e+01,1.89037e+01
62,1.54555e+01,1.52594e+01,1.66349e+01,1.74919e+01,1.79943e+01,1.88903e+01
63,1.54430e+01,1.52469e+01,1.66222e+01,1.74790e+01,1.79813e+01,1.88772e+01
64,1.54307e+01,1.52346e+01,1.66097e+01,1.74663e+01,1.79686e+01,1.88642e+01
65,1.54185e+01,1.52225e+01,1.65973e+01,1.74538e+01,1.79560e+01,1.88515e+01
66,1.54066e+01,1.52106e+01,1.65852e+01,1.74415e+01,1.79436e+01,1.88390e+01
67,1.53948e+01,1.51989e+01,1.65732e+01,1.74294e+01,1.79315e+01,1.88267e+01
68,1.53833e+01,1.51874e+01,1.65615e+01,1.74176e+01,1.79195e+01,1.88146e+01
69,1.53719e+01,1.51760e+01,1.65500e+01,1.74059e+01,1.79078e+01,1.88027e+01
70,1.53608e+01,1.51649e+01,1.65387e+01,1.73944e+01,1.78963e+01,1.87911e+01
71,1.53499e+01,1.51540e+01,1.65276e+01,1.73832e+01,1.78849e+01,1.87796e+01
72,1.53392e+01,1.51433e+01,1.65167e+01,1.73722e+01,1.78738e+01,1.87684e+01
73,1.53286e+01,1.51329e+01,1.65060e+01,1.73614e+01,1.78629e+01,1.87574e+01
74,1.53183e+01,1.51226e+01,1.64955e+01,1.73508e+01,1.78523e+01,1.87466e+01
75,1.53082e+01,1.51125e+01,1.64852e+01,1.73404e+01,1.78418e+01,1.87360e+01
76,1.52983e+01,1.51027e+01,1.64752e+01,1.73302e+01,1.78316e+01,1.87256e+01
77,1.52887e+01,1.50930e+01,1.64654e+01,1.73203e+01,1.78216e+01,1.87155e+01
78,1.52792e+01,1.50836e+01,1.64557e+01,1.73106e+01,1.78118e+01,1.87056e+01
79,1.52700e+01,1.50743e+01,1.64463e+01,1.73011e+01,1.78022e+01,1.86959e+01
80,1.52609e+01,1.50653e+01,1.64372e+01,1.72918e+01,1.77929e+01,1.86864e+01
81,1.52521e+01,1.50565e+01,1.64282e+01,1.72827e+01,1.77837e+01,1.86772e+01
82,1.52435e+01,1.50480e+01,1.64195e+01,1.72738e+01,1.77748e+01,1.86682e+01
83,1.52351e+01,1.50396e+01,1.64109e+01,1.72652e+01,1.77661e+01,1.86594e+01
84,1.52269e+01,1.50314e+01,1.64026e+01,1.72568e+01,1.77577e+01,1.86508e+01
85,1.52190e+01,1.50235e+01,1.63945e+01,1.72486e+01,1.77494e+01,1.86425e+01
86,1.52112e+01,1.50158e+01,1.63867e+01,1.72407e+01,1.77414e+01,1.86344e+01
87,1.52037e+01,1.50083e+01,1.63790e+01,1.72329e+01,1.77336e+01,1.86265e+01
88,1.51964e+01,1.50010e+01,1.63716e+01,1.72254e+01,1.77261e+01,1.86188e+01
89,1.51893e+01,1.49939e+01,1.63644e+01,1.72181e+01,1.77187e+01,1.86114e+01
90,1.51824e+01,1.49871e+01,1.63574e+01,1.72111e+01,1.77116e+01,1.86042e+01
91,1.51758e+01,1.49804e+01,1.63506e+01,1.72042e+01,1.77047e+01,1.85972e+01
92,1.51693e+01,1.49740e+01,1.63441e+01,1.71976e+01,1.76981e+01,1.85905e+01
93,1.51631e+01,1.49678e+01,1.63378e+01,1.71912e+01,1.76916e+01,1.85839e+01
94,1.51571e+01,1.49618e+01,1.63316e+01,1.71850e+01,1.76854e+01,1.85776e+01
95,1.51513e+01,1.49560e+01,1.63258e+01,1.71791e+01,1.76794e+01,1.85716e+01
96,1.51457e+01,1.49505e+01,1.63201e+01,1.71733e+01,1.76736e+01,1.85657e+01
97,1.51404e+01,1.49451e+01,1.63146e+01,1.71678e+01,1.76681e+01,1.85601e+01
98,1.51352e+01,1.49400e+01,1.63094e+01,1.71625e+01,1.76627e+01,1.85547e+01
99,1.51303e+01,1.49350e+01,1.63044e+01,1.71574e+01,1.76576e+01,1.85495e+01
100,1.51256e+01,1.49303e+01,1.62996e+01,1.71526e+01,1.76527e+01,1.85446e+01
101,1.51211e+01,1.49258e+01,1.62950e+01,1.71479e+01,1.76481e+01,1.85399e+01
102,1.51168e+01,1.49215e+01,1.62906e+01,1.71435e+01,1.76436e+01,1.85354e+01
103,1.51127e+01,1.49175e+01,1.62865e+01,1.71393e+01,1.76394e+01,1.85311e+01
104,1.51088e+01,1.49136e+01,1.62825e+01,1.71353e+01,1.76354e+01,1.85270e+01
105,1.51051e+01,1.49099e+01,1.62788e+01,1.71316e+01,1.76316e+01,1.85232e+01
106,1.51017e+01,1.49065e+01,1.62753e+01,1.71280e+01,1.76280e+01,1.85195e+01
107,1.50984e+01,1.49032e+01,1.62720e+01,1.71247e+01,1.76246e+01,1.85161e+01
108,1.50953e+01,1.49002e+01,1.62689e+01,1.71215e+01,1.76215e+01,1.85129e+01
109,1.50925e+01,1.48974e+01,1.62660e+01,1.71186e+01,1.76185e+01,1.85100e+01
110,1.50899e+01,1.48947e+01,1.62633e+01,1.71159e+01,1.76158e+01,1.85072e+01
111,1.50874e+01,1.48923e+01,1.62608e+01,1.71134e+01,1.76133e+01,1.85046e+01
112,1.50852e+01,1.48901e+01,1.62586e+01,1.71111e+01,1.76109e+01,1.85023e+01
113,1.50831e+01,1.48880e+01,1.62565e+01,1.71090e+01,1.76088e+01,1.85002e+01
114,1.50813e+01,1.48862e+01,1.62546e+01,1.71071e+01,1.76069e+01,1.84982e+01
115,1.50796e+01,1.48845e+01,1.62529e+01,1.71054e+01,1.76052e+01,1.84965e+01
116,1.50782e+01,1.48831e+01,1.62515e+01,1.71039e+01,1.76037e+01,1.84950e+01
117,1.50769e+01,1.48818e+01,1.62502e+01,1.71026e+01,1.76024e+01,1.84936e+01
118,1.50759e+01,1.48808e+01,1.62491e+01,1.71015e+01,1.76013e+01,1.84925e+01
119,1.50750e+01,1.48799e+01,1.62482e+01,1.71006e+01,1.76004e+01,1.84916e+01
120,1.50743e+01,1.48792e+01,1.62475e+01,1.70999e+01,1.75996e+01,1.84909e+01
121,1.50738e+01,1.48787e+01,1.62470e+01,1.70993e+01,1.75991e+01,1.84903e+01
122,1.50734e+01,1.48783e+01,1.62466e+01,1.70990e+01,1.75988e+01,1.84900e+01
123,1.50733e+01,1.48782e+01,1.62465e+01,1.70988e+01,1.75986e+01,1.84898e+01
124,1.50733e+01,1.48782e+01,1.62465e+01,1.70989e+01,1.75987e+01,1.84899e+01
125,1.50735e+01,1.48784e+01,1.62467e+01,1.70991e+01,1.75989e+01,1.84901e+01
126,1.50739e+01,1.48788e+01,1.62471e+01,1.70995e+01,1.75993e+01,1.84905e+01
127,1.50745e+01,1.48794e+01,1.62477e+01,1.71000e+01,1.75998e+01,1.84911e+01
128,1.50752e+01,1.48801e+01,1.62484e+01,1.71008e+01,1.76006e+01,1.84918e+01
129,1.50761e+01,1.48810e+01,1.62493e+01,1.71017e+01,1.76015e+01,1.84928e+01
130,1.50771e+01,1.48820e+01,1.62504e+01,1.71028e+01,1.76026e+01,1.84939e+01
131,1.50783e+01,1.48832e+01,1.62516e+01,1.71040e+01,1.76039e+01,1.84951e+01
132,1.50797e+01,1.48846e+01,1.62530e+01,1.71055e+01,1.76053e+01,1.84966e+01
133,1.50813e+01,1.48861e+01,1.62546e+01,1.71070e+01,1.76069e+01,1.84982e+01
134,1.50829e+01,1.48878e+01,1.62563e+01,1.71088e+01,1.76086e+01,1.85000e+01
135,1.50848e+01,1.48897e+01,1.62582e+01,1.71107e+01,1.76105e+01,1.85019e+01
136,1.50868e+01,1.48917e+01,1.62602e+01,1.71127e+01,1.76126e+01,1.85040e+01
137,1.50889e+01,1.48938e+01,1.62624e+01,1.71149e+01,1.76148e+01,1.85062e+01
138,1.50912e+01,1.48961e+01,1.62647e+01,1.71173e+01,1.76172e+01,1.85086e+01
139,1.50936e+01,1.48985e+01,1.62671e+01,1.71197e+01,1.76197e+01,1.85111e+01
140,1.50962e+01,1.49010e+01,1.62697e+01,1.71224e+01,1.76223e+01,1.85138e+01
141,1.50989e+01,1.49037e+01,1.62725e+01,1.71252e+01,1.76251e+01,1.85166e+01
142,1.51017e+01,1.49065e+01,1.62753e+01,1.71281e+01,1.76280e+01,1.85196e+01
143,1.51047e+01,1.49095e+01,1.62784e+01,1.71311e+01,1.76311e+01,1.85227e+01
144,1.51077e+01,1.49126e+01,1.62815e+01,1.71343e+01,1.76343e+01,1.85259e+01
145,1.51109e+01,1.49158e+01,1.62847e+01,1.71376e+01,1.76376e+01,1.85293e+01
146,1.51143e+01,1.49191e+01,1.62881e+01,1.71410e+01,1.76411e+01,1.85328e+01
147,1.51177e+01,1.49225e+01,1.62916e+01,1.71445e+01,1.76446e+01,1.85364e+01
148,1.51213e+01,1.49261e+01,1.62952e+01,1.71482e+01,1.76483e+01,1.85401e+01
149,1.51249e+01,1.49297e+01,1.62990e+01,1.71519e+01,1.76521e+01,1.85440e+01
150,1.51287e+01,1.49335e+01,1.63028e+01,1.71558e+01,1.76560e+01,1.85479e+01
151,1.51326e+01,1.49373e+01,1.63067e+01,1.71598e+01,1.76600e+01,1.85520e+01
152,1.51366e+01,1.49413e+01,1.63108e+01,1.71639e+01,1.76641e+01,1.85561e+01
153,1.51406e+01,1.49454e+01,1.63149e+01,1.71681e+01,1.76684e+01,1.85604e+01
154,1.51448e+01,1.49495e+01,1.63192e+01,1.71724e+01,1.76727e+01,1.85648e+01
155,1.51491e+01,1.49538e+01,1.63235e+01,1.71768e+01,1.76771e+01,1.85692e+01
156,1.51534e+01,1.49581e+01,1.63279e+01,1.71812e+01,1.76816e+01,1.85738e+01
157,1.51578e+01,1.49625e+01,1.63324e+01,1.71858e+01,1.76862e+01,1.85784e+01
158,1.51624e+01,1.49670e+01,1.63370e+01,1.71904e+01,1.76908e+01,1.85832e+01
159,1.51669e+01,1.49716e+01,1.63416e+01,1.71951e+01,1.76956e+01,1.85880e+01
160,1.51716e+01,1.49762e+01,1.63464e+01,1.71999e+01,1.77004e+01,1.85928e+01
161,1.51763e+01,1.49810e+01,1.63512e+01,1.72048e+01,1.77053e+01,1.85978e+01
162,1.51811e+01,1.49857e+01,1.63561e+01,1.72097e+01,1.77103e+01,1.86028e+01
163,1.51860e+01,1.49906e+01,1.63610e+01,1.72147e+01,1.77153e+01,1.86079e+01
164,1.51909e+01,1.49955e+01,1.63660e+01,1.72198e+01,1.77204e+01,1.86131e+01
165,1.51959e+01,1.50004e+01,1.63710e+01,1.72249e+01,1.77255e+01,1.86183e+01
166,1.52009e+01,1.50054e+01,1.63761e+01,1.72300e+01,1.77307e+01,1.86235e+01
167,1.52059e+01,1.50105e+01,1.63813e+01,1.72352e+01,1.77360e+01,1.86288e+01
168,1.52111e+01,1.50156e+01,1.63865e+01,1.72405e+01,1.77412e+01,1.86342e+01
169,1.52162e+01,1.50207e+01,1.63917e+01,1.72458e+01,1.77466e+01,1.86396e+01
170,1.52214e+01,1.50259e+01,1.63970e+01,1.72511e+01,1.77520e+01,1.86450e+01
171,1.52266e+01,1.50311e+01,1.64023e+01,1.72565e+01,1.77574e+01,1.86505e+01
172,1.52319e+01,1.50363e+01,1.64076e+01,1.72619e+01,1.77628e+01,1.86560e+01
173,1.52371e+01,1.50416e+01,1.64130e+01,1.72673e+01,1.77683e+01,1.86615e+01
174,1.52424e+01,1.50469e+01,1.64184e+01,1.72728e+01,1.77737e+01,1.86671e+01
175,1.52478e+01,1.50522e+01,1.64238e+01,1.72782e+01,1.77792e+01,1.86726e+01
176,1.52531e+01,1.50575e+01,1.64292e+01,1.72837e+01,1.77848e+01,1.86782e+01
177,1.52584e+01,1.50628e+01,1.64346e+01,1.72892e+01,1.77903e+01,1.86838e+01
178,1.52638e+01,1.50682e+01,1.64401e+01,1.72947e+01,1.77958e+01,1.86894e+01
179,1.52691e+01,1.50735e+01,1.64455e+01,1.73002e+01,1.78014e+01,1.86950e+01
180,1.52745e+01,1.50788e+01,1.64509e+01,1.73057e+01,1.78069e+01,1.87006e+01
181,1.52798e+01,1.50842e+01,1.64564e+01,1.73112e+01,1.78124e+01,1.87062e+01
182,1.52851e+01,1.50895e+01,1.64618e+01,1.73167e+01,1.78179e+01,1.87118e+01
183,1.52905e+01,1.50948e+01,1.64672e+01,1.73221e+01,1.78235e+01,1.87174e+01
184,1.52958e+01,1.51001e+01,1.64726e+01,1.73276e+01,1.78290e+01,1.87230e+01
185,1.53011e+01,1.51054e+01,1.64780e+01,1.73330e+01,1.78344e+01,1.87285e+01
186,1.53063e+01,1.51106e+01,1.64833e+01,1.73385e+01,1.78399e+01,1.87340e+01
187,1.53116e+01,1.51158e+01,1.64886e+01,1.73438e+01,1.78453e+01,1.87395e+01
188,1.53168e+01,1.51210e+01,1.64939e+01,1.73492e+01,1.78507e+01,1.87449e+01
189,1.53219e+01,1.51262e+01,1.64992e+01,1.73545e+01,1.78560e+01,1.87504e+01
190,1.53271e+01,1.51313e+01,1.65044e+01,1.73598e+01,1.78614e+01,1.87557e+01
191,1.53322e+01,1.51364e+01,1.65096e+01,1.73650e+01,1.78666e+01,1.87611e+01
192,1.53372e+01,1.51414e+01,1.65147e+01,1.73702e+01,1.78718e+01,1.87664e+01
193,1.53422e+01,1.51464e+01,1.65198e+01,1.73753e+01,1.78770e+01,1.87716e+01
194,1.53471e+01,1.51513e+01,1.65248e+01,1.73804e+01,1.78821e+01,1.87768e+01
195,1.53520e+01,1.51562e+01,1.65298e+01,1.73855e+01,1.78872e+01,1.87819e+01
196,1.53569e+01,1.51610e+01,1.65347e+01,1.73904e+01,1.78922e+01,1.87870e+01
197,1.53616e+01,1.51658e+01,1.65395e+01,1.73953e+01,1.78971e+01,1.87919e+01
198,1.53663e+01,1.51704e+01,1.65443e+01,1.74001e+01,1.79020e+01,1.87969e+01
199,1.53709e+01,1.51750e+01,1.65490e+01,1.74049e+01,1.79068e+01,1.88017e+01
200,1.53755e+01,1.51796e+01,1.65536e+01,1.74096e+01,1.79115e+01,1.88065e+01
201,1.53800e+01,1.51840e+01,1.65581e+01,1.74142e+01,1.79161e+01,1.88112e+01
202,1.53844e+01,1.51884e+01,1.65626e+01,1.74187e+01,1.79207e+01,1.88158e+01
203,1.53887e+01,1.51927e+01,1.65670e+01,1.74231e+01,1.79251e+01,1.88203e+01
204,1.53929e+01,1.51969e+01,1.65713e+01,1.74275e+01,1.79295e+01,1.88247e+01
205,1.53970e+01,1.52010e+01,1.65755e+01,1.74317e+01,1.79338e+01,1.88290e+01
206,1.54010e+01,1.52051e+01,1.65796e+01,1.74358e+01,1.79379e+01,1.88332e+01
207,1.54050e+01,1.52090e+01,1.65836e+01,1.74399e+01,1.79420e+01,1.88374e+01
208,1.54088e+01,1.52128e+01,1.65875e+01,1.74438e+01,1.79460e+01,1.88414e+01
209,1.54125e+01,1.52165e+01,1.65912e+01,1.74477e+01,1.79498e+01,1.88453e+01
210,1.54161e+01,1.52201e+01,1.65949e+01,1.74514e+01,1.79536e+01,1.88491e+01
211,1.54197e+01,1.52236e+01,1.65985e+01,1.74550e+01,1.79572e+01,1.88528e+01
212,1.54230e+01,1.52270e+01,1.66019e+01,1.74585e+01,1.79607e+01,1.88563e+01
213,1.54263e+01,1.52303e+01,1.66053e+01,1.74618e+01,1.79641e+01,1.88597e+01
214,1.54295e+01,1.52334e+01,1.66085e+01,1.74651e+01,1.79674e+01,1.88630e+01
215,1.54325e+01,1.52364e+01,1.66115e+01,1.74682e+01,1.79705e+01,1.88662e+01
216,1.54354e+01,1.52393e+01,1.66145e+01,1.74712e+01,1.79735e+01,1.88693e+01
217,1.54382e+01,1.52421e+01,1.66173e+01,1.74740e+01,1.79764e+01,1.88722e+01
218,1.54408e+01,1.52447e+01,1.66200e+01,1.74767e+01,1.79791e+01,1.88749e+01
219,1.54433e+01,1.52472e+01,1.66225e+01,1.74793e+01,1.79817e+01,1.88776e+01
220,1.54457e+01,1.52496e+01,1.66250e+01,1.74818e+01,1.79842e+01,1.88800e+01
221,1.54479e+01,1.52518e+01,1.66272e+01,1.74840e+01,1.79865e+01,1.88824e+01
222,1.54500e+01,1.52539e+01,1.66293e+01,1.74862e+01,1.79886e+01,1.88846e+01
223,1.54519e+01,1.52558e+01,1.66313e+01,1.74882e+01,1.79906e+01,1.88866e+01
224,1.54537e+01,1.52576e+01,1.66331e+01,1.74900e+01,1.79925e+01,1.88885e+01
225,1.54554e+01,1.52592e+01,1.66348e+01,1.74917e+01,1.79942e+01,1.88902e+01
226,1.54568e+01,1.52607e+01,1.66363e+01,1.74932e+01,1.79957e+01,1.88917e+01
227,1.54582e+01,1.52620e+01,1.66376e+01,1.74946e+01,1.79971e+01,1.88931e+01
228,1.54593e+01,1.52632e+01,1.66388e+01,1.74958e+01,1.79983e+01,1.88943e+01
229,1.54603e+01,1.52642e+01,1.66398e+01,1.74968e+01,1.79993e+01,1.88954e+01
230,1.54611e+01,1.52650e+01,1.66407e+01,1.74976e+01,1.80001e+01,1.88962e+01
231,1.54618e+01,1.52657e+01,1.66413e+01,1.74983e+01,1.80008e+01,1.88969e+01
232,1.54623e+01,1.52662e+01,1.66418e+01,1.74988e+01,1.80014e+01,1.88974e+01
233,1.54626e+01,1.52665e+01,1.66422e+01,1.74992e+01,1.80017e+01,1.88978e+01
234,1.54628e+01,1.52666e+01,1.66423e+01,1.74993e+01,1.80018e+01,1.88979e+01
235,1.54628e+01,1.52666e+01,1.66423e+01,1.74993e+01,1.80018e+01,1.88979e+01
236,1.54626e+01,1.52664e+01,1.66421e+01,1.74991e+01,1.80016e+01,1.88977e+01
237,1.54622e+01,1.52660e+01,1.66417e+01,1.74987e+01,1.80012e+01,1.88973e+01
238,1.54616e+01,1.52655e+01,1.66411e+01,1.74981e+01,1.80006e+01,1.88967e+01
239,1.54609e+01,1.52647e+01,1.66404e+01,1.74973e+01,1.79999e+01,1.88959e+01
240,1.54599e+01,1.52638e+01,1.66394e+01,1.74964e+01,1.79989e+01,1.88949e+01
241,1.54588e+01,1.52627e+01,1.66383e+01,1.74952e+01,1.79977e+01,1.88938e+01
242,1.54575e+01,1.52614e+01,1.66369e+01,1.74939e+01,1.79964e+01,1.88924e+01
243,1.54560e+01,1.52599e+01,1.66354e+01,1.74923e+01,1.79948e+01,1.88908e+01
244,1.54543e+01,1.52582e+01,1.66337e+01,1.74906e+01,1.79931e+01,1.88891e+01
245,1.54524e+01,1.52563e+01,1.66318e+01,1.74887e+01,1.79911e+01,1.88871e+01
246,1.54503e+01,1.52542e+01,1.66297e+01,1.74865e+01,1.79889e+01,1.88849e+01
247,1.54480e+01,1.52519e+01,1.66273e+01,1.74842e+01,1.79866e+01,1.88825e+01
248,1.54456e+01,1.52495e+01,1.66248e+01,1.74816e+01,1.79840e+01,1.88799e+01
249,1.54429e+01,1.52468e+01,1.66221e+01,1.74789e+01,1.79812e+01,1.88771e+01
250,1.54400e+01,1.52439e+01,1.66192e+01,1.74759e+01,1.79783e+01,1.88741e+01
251,1.54369e+01,1.52409e+01,1.66160e+01,1.74727e+01,1.79751e+01,1.88708e+01
252,1.54336e+01,1.52376e+01,1.66127e+01,1.74693e+01,1.79717e+01,1.88674e+01
253,1.54301e+01,1.52341e+01,1.66091e+01,1.74658e+01,1.79680e+01,1.88637e+01
254,1.54264e+01,1.52304e+01,1.66054e+01,1.74620e+01,1.79642e+01,1.88599e+01
255,1.54225e+01,1.52265e+01,1.66014e+01,1.74579e+01,1.79602e+01,1.88558e+01
256,1.54184e+01,1.52224e+01,1.65972e+01,1.74537e+01,1.79559e+01,1.88515e+01
257,1.54141e+01,1.52181e+01,1.65929e+01,1.74493e+01,1.79515e+01,1.88469e+01
258,1.54096e+01,1.52136e+01,1.65882e+01,1.74446e+01,1.79468e+01,1.88422e+01
259,1.54049e+01,1.52089e+01,1.65834e+01,1.74397e+01,1.79419e+01,1.88372e+01
260,1.53999e+01,1.52039e+01,1.65784e+01,1.74347e+01,1.79367e+01,1.88320e+01
261,1.53947e+01,1.51988e+01,1.65732e+01,1.74294e+01,1.79314e+01,1.88266e+01
262,1.53894e+01,1.51934e+01,1.65677e+01,1.74238e+01,1.79258e+01,1.88210e+01
263,1.53838e+01,1.51879e+01,1.65620e+01,1.74181e+01,1.79201e+01,1.88152e+01
264,1.53780e+01,1.51821e+01,1.65561e+01,1.74121e+01,1.79141e+01,1.88091e+01
265,1.53720e+01,1.51761e+01,1.65500e+01,1.74060e+01,1.79078e+01,1.88028e+01
266,1.53658e+01,1.51699e+01,1.65437e+01,1.73996e+01,1.79014e+01,1.87963e+01
267,1.53593e+01,1.51635e+01,1.65372e+01,1.73930e+01,1.78947e+01,1.87895e+01
268,1.53527e+01,1.51569e+01,1.65304e+01,1.73861e+01,1.78879e+01,1.87826e+01
269,1.53458e+01,1.51500e+01,1.65235e+01,1.73791e+01,1.78808e+01,1.87754e+01
270,1.53388e+01,1.51430e+01,1.65163e+01,1.73718e+01,1.78734e+01,1.87680e+01
271,1.53315e+01,1.51357e+01,1.65089e+01,1.73643e+01,1.78659e+01,1.87603e+01
272,1.53240e+01,1.51282e+01,1.65013e+01,1.73566e+01,1.78581e+01,1.87525e+01
273,1.53163e+01,1.51205e+01,1.64934e+01,1.73487e+01,1.78502e+01,1.87444e+01
274,1.53084e+01,1.51126e+01,1.64854e+01,1.73405e+01,1.78420e+01,1.87361e+01
275,1.53002e+01,1.51045e+01,1.64771e+01,1.73322e+01,1.78335e+01,1.87276e+01
276,1.52919e+01,1.50962e+01,1.64686e+01,1.73236e+01,1.78249e+01,1.87189e+01
277,1.52833e+01,1.50877e+01,1.64599e+01,1.73148e+01,1.78161e+01,1.87099e+01
278,1.52746e+01,1.50789e+01,1.64510e+01,1.73058e+01,1.78070e+01,1.87007e+01
279,1.52656e+01,1.50700e+01,1.64419e+01,1.72966e+01,1.77977e+01,1.86913e+01
280,1.52564e+01,1.50608e+01,1.64326e+01,1.72871e+01,1.77882e+01,1.86817e+01
281,1.52470e+01,1.50515e+01,1.64230e+01,1.72775e+01,1.77785e+01,1.86718e+01
282,1.52374e+01,1.50419e+01,1.64133e+01,1.72676e+01,1.77685e+01,1.86618e+01
283,1.52276e+01,1.50321e+01,1.64033e+01,1.72575e+01,1.77584e+01,1.86515e+01
284,1.52176e+01,1.50221e+01,1.63931e+01,1.72472e+01,1.77480e+01,1.86410e+01
285,1.52074e+01,1.50119e+01,1.63827e+01,1.72367e+01,1.77374e+01,1.86303e+01
286,1.51970e+01,1.50015e+01,1.63721e+01,1.72260e+01,1.77266e+01,1.86194e+01
287,1.51863e+01,1.49909e+01,1.63613e+01,1.72151e+01,1.77156e+01,1.86083e+01
288,1.51755e+01,1.49801e+01,1.63503e+01,1.72039e+01,1.77044e+01,1.85969e+01
289,1.51645e+01,1.49692e+01,1.63391e+01,1.71926e+01,1.76930e+01,1.85854e+01
290,1.51533e+01,1.49580e+01,1.63277e+01,1.71810e+01,1.76814e+01,1.85736e+01
291,1.51418e+01,1.49466e+01,1.63161e+01,1.71693e+01,1.76696e+01,1.85616e+01
292,1.51302e+01,1.49350e+01,1.63043e+01,1.71574e+01,1.76575e+01,1.85495e+01
293,1.51184e+01,1.49232e+01,1.62923e+01,1.71452e+01,1.76453e+01,1.85371e+01
294,1.51064e+01,1.49112e+01,1.62801e+01,1.71329e+01,1.76329e+01,1.85245e+01
295,1.50942e+01,1.48991e+01,1.62677e+01,1.71203e+01,1.76203e+01,1.85117e+01
296,1.50818e+01,1.48867e+01,1.62551e+01,1.71076e+01,1.76074e+01,1.84987e+01
297,1.50692e+01,1.48742e+01,1.62423e+01,1.70947e+01,1.75944e+01,1.84856e+01
298,1.50565e+01,1.48614e+01,1.62294e+01,1.70815e+01,1.75812e+01,1.84722e+01
299,1.50435e+01,1.48485e+01,1.62162e+01,1.70682e+01,1.75678e+01,1.84586e+01
300,1.50304e+01,1.48354e+01,1.62029e+01,1.70547e+01,1.75542e+01,1.84449e+01
301,1.50171e+01,1.48222e+01,1.61894e+01,1.70411e+01,1.75404e+01,1.84309e+01
302,1.50036e+01,1.48087e+01,1.61757e+01,1.70272e+01,1.75265e+01,1.84168e+01
303,1.49900e+01,1.47951e+01,1.61618e+01,1.70131e+01,1.75123e+01,1.84025e+01
304,1.49761e+01,1.47813e+01,1.61477e+01,1.69989e+01,1.74980e+01,1.83880e+01
305,1.49621e+01,1.47673e+01,1.61335e+01,1.69845e+01,1.74835e+01,1.83733e+01
306,1.49479e+01,1.47532e+01,1.61191e+01,1.69699e+01,1.74688e+01,1.83585e+01
307,1.49336e+01,1.47389e+01,1.61045e+01,1.69552e+01,1.74540e+01,1.83434e+01
308,1.49191e+01,1.47244e+01,1.60897e+01,1.69403e+01,1.74390e+01,1.83282e+01
309,1.49044e+01,1.47098e+01,1.60748e+01,1.69252e+01,1.74238e+01,1.83129e+01
310,1.48896e+01,1.46950e+01,1.60597e+01,1.69099e+01,1.74084e+01,1.82973e+01
311,1.48746e+01,1.46800e+01,1.60445e+01,1.68945e+01,1.73929e+01,1.82816e+01
312,1.48594e+01,1.46649e+01,1.60291e+01,1.68789e+01,1.73772e+01,1.82657e+01
313,1.48441e+01,1.46497e+01,1.60136e+01,1.68632e+01,1.73614e+01,1.82497e+01
314,1.48287e+01,1.46342e+01,1.59979e+01,1.68473e+01,1.73454e+01,1.82335e+01
315,1.48131e+01,1.46187e+01,1.59820e+01,1.68313e+01,1.73292e+01,1.82172e+01
316,1.47973e+01,1.46030e+01,1.59660e+01,1.68151e+01,1.73129e+01,1.82007e+01
317,1.47814e+01,1.45871e+01,1.59499e+01,1.67988e+01,1.72965e+01,1.81841e+01
318,1.47654e+01,1.45712e+01,1.59336e+01,1.67823e+01,1.72799e+01,1.81673e+01
319,1.47492e+01,1.45550e+01,1.59172e+01,1.67657e+01,1.72632e+01,1.81503e+01
320,1.47330e+01,1.45388e+01,1.59006e+01,1.67489e+01,1.72463e+01,1.81333e+01
321,1.47165e+01,1.45224e+01,1.58839e+01,1.67320e+01,1.72293e+01,1.81161e+01
322,1.47000e+01,1.45059e+01,1.58671e+01,1.67150e+01,1.72122e+01,1.80987e+01
323,1.46833e+01,1.44893e+01,1.58501e+01,1.66979e+01,1.71949e+01,1.80812e+01
324,1.46665e+01,1.44725e+01,1.58331e+01,1.66806e+01,1.71775e+01,1.80636e+01
325,1.46496e+01,1.44556e+01,1.58159e+01,1.66632e+01,1.71600e+01,1.80459e+01
326,1.46325e+01,1.44387e+01,1.57986e+01,1.66457e+01,1.71424e+01,1.80281e+01
327,1.46154e+01,1.44216e+01,1.57811e+01,1.66281e+01,1.71246e+01,1.80101e+01
328,1.45981e+01,1.44043e+01,1.57636e+01,1.66103e+01,1.71068e+01,1.79921e+01
329,1.45808e+01,1.43870e+01,1.57460e+01,1.65925e+01,1.70888e+01,1.79739e+01
330,1.45633e+01,1.43696e+01,1.57282e+01,1.65745e+01,1.70707e+01,1.79556e+01
331,1.45458e+01,1.43521e+01,1.57104e+01,1.65565e+01,1.70526e+01,1.79372e+01
332,1.45281e+01,1.43345e+01,1.56924e+01,1.65383e+01,1.70343e+01,1.79187e+01
333,1.45104e+01,1.43168e+01,1.56744e+01,1.65201e+01,1.70159e+01,1.79001e+01
334,1.44925e+01,1.42990e+01,1.56563e+01,1.65017e+01,1.69975e+01,1.78814e+01
335,1.44746e+01,1.42811e+01,1.56380e+01,1.64833e+01,1.69789e+01,1.78626e+01
336,1.44566e+01,1.42632e+01,1.56197e+01,1.64648e+01,1.69603e+01,1.78438e+01
337,1.44385e+01,1.42451e+01,1.56014e+01,1.64462e+01,1.69416e+01,1.78248e+01
338,1.44203e+01,1.42270e+01,1.55829e+01,1.64275e+01,1.69228e+01,1.78058e+01
339,1.44021e+01,1.42088e+01,1.55644e+01,1.64088e+01,1.69039e+01,1.77867e+01
340,1.43838e+01,1.41906e+01,1.55458e+01,1.63900e+01,1.68850e+01,1.77676e+01
341,1.43654e+01,1.41723e+01,1.55271e+01,1.63711e+01,1.68660e+01,1.77483e+01
342,1.43470e+01,1.41539e+01,1.55084e+01,1.63522e+01,1.68469e+01,1.77290e+01
343,1.43285e+01,1.41355e+01,1.54896e+01,1.63332e+01,1.68278e+01,1.77097e+01
344,1.43100e+01,1.41170e+01,1.54708e+01,1.63141e+01,1.68086e+01,1.76902e+01
345,1.42914e+01,1.40984e+01,1.54519e+01,1.62950e+01,1.67893e+01,1.76708e+01
346,1.42728e+01,1.40799e+01,1.54330e+01,1.62759e+01,1.67701e+01,1.76513e+01
347,1.42541e+01,1.40612e+01,1.54140e+01,1.62567e+01,1.67507e+01,1.76317e+01
348,1.42354e+01,1.40426e+01,1.53950e+01,1.62374e+01,1.67314e+01,1.76121e+01
349,1.42166e+01,1.40239e+01,1.53759e+01,1.62181e+01,1.67120e+01,1.75925e+01
350,1.41979e+01,1.40051e+01,1.53568e+01,1.61988e+01,1.66925e+01,1.75728e+01
351,1.41790e+01,1.39864e+01,1.53377e+01,1.61795e+01,1.66730e+01,1.75531e+01
352,1.41602e+01,1.39676e+01,1.53186e+01,1.61601e+01,1.66536e+01,1.75334e+01
353,1.41414e+01,1.39488e+01,1.52994e+01,1.61408e+01,1.66340e+01,1.75136e+01
354,1.41225e+01,1.39300e+01,1.52802e+01,1.61214e+01,1.66145e+01,1.74939e+01
355,1.41036e+01,1.39111e+01,1.52611e+01,1.61020e+01,1.65950e+01,1.74741e+01
356,1.40847e+01,1.38923e+01,1.52419e+01,1.60825e+01,1.65754e+01,1.74543e+01
357,1.40658e+01,1.38734e+01,1.52226e+01,1.60631e+01,1.65559e+01,1.74345e+01
358,1.40469e+01,1.38546e+01,1.52034e+01,1.60437e+01,1.65363e+01,1.74147e+01
359,1.40280e+01,1.38357e+01,1.51842e+01,1.60242e+01,1.65167e+01,1.73949e+01
360,1.40091e+01,1.38169e+01,1.51650e+01,1.60048e+01,1.64972e+01,1.73751e+01
361,1.39902e+01,1.37980e+01,1.51458e+01,1.59854e+01,1.64776e+01,1.73554e+01
362,1.39713e+01,1.37792e+01,1.51267e+01,1.59660e+01,1.64581e+01,1.73356e+01
363,1.39525e+01,1.37604e+01,1.51075e+01,1.59466e+01,1.64386e+01,1.73158e+01
364,1.39337e+01,1.37416e+01,1.50884e+01,1.59273e+01,1.64191e+01,1.72961e+01
365,1.39148e+01,1.37229e+01,1.50693e+01,1.59079e+01,1.63997e+01,1.72764e+01
366,1.38961e+01,1.37041e+01,1.50502e+01,1.58886e+01,1.63802e+01,1.72568e+01
367,1.38773e+01,1.36854e+01,1.50311e+01,1.58694e+01,1.63608e+01,1.72371e+01
368,1.38586e+01,1.36668e+01,1.50121e+01,1.58501e+01,1.63415e+01,1.72175e+01
369,1.38399e+01,1.36481e+01,1.49931e+01,1.58309e+01,1.63221e+01,1.71980e+01
370,1.38213e+01,1.36296e+01,1.49742e+01,1.58118e+01,1.63029e+01,1.71785e+01
371,1.38027e+01,1.36110e+01,1.49553e+01,1.57927e+01,1.62836e+01,1.71590e+01
372,1.37842e+01,1.35925e+01,1.49365e+01,1.57736e+01,1.62644e+01,1.71396e+01
373,1.37657e+01,1.35741e+01,1.49177e+01,1.57546e+01,1.62453e+01,1.71203e+01
374,1.37473e+01,1.35557e+01,1.48990e+01,1.57357e+01,1.62263e+01,1.71010e+01
375,1.37289e+01,1.35374e+01,1.48803e+01,1.57168e+01,1.62073e+01,1.70817e+01
376,1.37106e+01,1.35192e+01,1.48617e+01,1.56980e+01,1.61883e+01,1.70626e+01
377,1.36924e+01,1.35010e+01,1.48432e+01,1.56793e+01,1.61695e+01,1.70435e+01
378,1.36742e+01,1.34829e+01,1.48248e+01,1.56606e+01,1.61507e+01,1.70245e+01
379,1.36561e+01,1.34649e+01,1.48064e+01,1.56421e+01,1.61320e+01,1.70056e+01
380,1.36381e+01,1.34469e+01,1.47881e+01,1.56236e+01,1.61134e+01,1.69867e+01
381,1.36202e+01,1.34290e+01,1.47699e+01,1.56051e+01,1.60948e+01,1.69679e+01
382,1.36024e+01,1.34112e+01,1.47518e+01,1.55868e+01,1.60764e+01,1.69493e+01
383,1.35846e+01,1.33935e+01,1.47338e+01,1.55686e+01,1.60580e+01,1.69307e+01
384,1.35670e+01,1.33759e+01,1.47158e+01,1.55504e+01,1.60397e+01,1.69122e+01
385,1.35494e+01,1.33584e+01,1.46980e+01,1.55324e+01,1.60216e+01,1.68938e+01
386,1.35320e+01,1.33410e+01,1.46803e+01,1.55145e+01,1.60035e+01,1.68756e+01
387,1.35146e+01,1.33237e+01,1.46626e+01,1.54966e+01,1.59856e+01,1.68574e+01
388,1.34974e+01,1.33065e+01,1.46451e+01,1.54789e+01,1.59677e+01,1.68393e+01
389,1.34802e+01,1.32894e+01,1.46277e+01,1.54613e+01,1.59500e+01,1.68214e+01
390,1.34632e+01,1.32724e+01,1.46104e+01,1.54438e+01,1.59324e+01,1.68036e+01
391,1.34463e+01,1.32556e+01,1.45932e+01,1.54264e+01,1.59149e+01,1.67859e+01
392,1.34295e+01,1.32388e+01,1.45762e+01,1.54092e+01,1.58975e+01,1.67683e+01
393,1.34129e+01,1.32222e+01,1.45592e+01,1.53920e+01,1.58803e+01,1.67509e+01
394,1.33963e+01,1.32057e+01,1.45424e+01,1.53750e+01,1.58632e+01,1.67335e+01
395,1.33799e+01,1.31894e+01,1.45257e+01,1.53582e+01,1.58462e+01,1.67164e+01
396,1.33636e+01,1.31731e+01,1.45092e+01,1.53414e+01,1.58293e+01,1.66993e+01
397,1.33475e+01,1.31570e+01,1.44928e+01,1.53248e+01,1.58126e+01,1.66824e+01
398,1.33315e+01,1.31410e+01,1.44765e+01,1.53084e+01,1.57961e+01,1.66657e+01
399,1.33156e+01,1.31252e+01,1.44604e+01,1.52921e+01,1.57797e+01,1.66490e+01
400,1.32999e+01,1.31095e+01,1.44444e+01,1.52759e+01,1.57634e+01,1.66326e+01
401,1.32843e+01,1.30940e+01,1.44286e+01,1.52599e+01,1.57473e+01,1.66163e+01
402,1.32689e+01,1.30786e+01,1.44129e+01,1.52441e+01,1.57313e+01,1.66001e+01
403,1.32536e+01,1.30634e+01,1.43974e+01,1.52284e+01,1.57155e+01,1.65841e+01
404,1.32385e+01,1.30483e+01,1.43820e+01,1.52128e+01,1.56999e+01,1.65683e+01
405,1.32235e+01,1.30333e+01,1.43668e+01,1.51974e+01,1.56844e+01,1.65526e+01
406,1.32087e+01,1.30186e+01,1.43518e+01,1.51822e+01,1.56691e+01,1.65371e+01
407,1.31940e+01,1.30040e+01,1.43369e+01,1.51672e+01,1.56539e+01,1.65218e+01
408,1.31795e+01,1.29895e+01,1.43222e+01,1.51523e+01,1.56389e+01,1.65066e+01
409,1.31652e+01,1.29752e+01,1.43076e+01,1.51376e+01,1.56241e+01,1.64916e+01
410,1.31511e+01,1.29611e+01,1.42933e+01,1.51230e+01,1.56095e+01,1.64768e+01
411,1.31371e+01,1.29472e+01,1.42791e+01,1.51087e+01,1.55950e+01,1.64622e+01
412,1.31233e+01,1.29334e+01,1.42650e+01,1.50945e+01,1.55807e+01,1.64478e+01
413,1.31097e+01,1.29198e+01,1.42512e+01,1.50805e+01,1.55666e+01,1.64335e+01
414,1.30962e+01,1.29064e+01,1.42375e+01,1.50667e+01,1.55527e+01,1.64194e+01
415,1.30830e+01,1.28932e+01,1.42241e+01,1.50530e+01,1.55390e+01,1.64055e+01
416,1.30699e+01,1.28801e+01,1.42108e+01,1.50396e+01,1.55255e+01,1.63918e+01
417,1.30570e+01,1.28673e+01,1.41977e+01,1.50263e+01,1.55121e+01,1.63783e+01
418,1.30443e+01,1.28546e+01,1.41847e+01,1.50133e+01,1.54990e+01,1.63650e+01
419,1.30317e+01,1.28421e+01,1.41720e+01,1.50004e+01,1.54860e+01,1.63519e+01
420,1.30194e+01,1.28298e+01,1.41595e+01,1.49877e+01,1.54733e+01,1.63390e+01
421,1.30072e+01,1.28177e+01,1.41471e+01,1.49752e+01,1.54607e+01,1.63263e+01
422,1.29953e+01,1.28058e+01,1.41350e+01,1.49630e+01,1.54483e+01,1.63138e+01
423,1.29835e+01,1.27940e+01,1.41231e+01,1.49509e+01,1.54362e+01,1.63015e+01
424,1.29720e+01,1.27825e+01,1.41113e+01,1.49390e+01,1.54242e+01,1.62894e+01
425,1.29606e+01,1.27712e+01,1.40998e+01,1.49273e+01,1.54125e+01,1.62775e+01
426,1.29495e+01,1.27601e+01,1.40884e+01,1.49159e+01,1.54009e+01,1.62658e+01
427,1.29385e+01,1.27491e+01,1.40773e+01,1.49046e+01,1.53896e+01,1.62544e+01
428,1.29277e+01,1.27384e+01,1.40664e+01,1.48935e+01,1.53785e+01,1.62431e+01
429,1.29172e+01,1.27279e+01,1.40557e+01,1.48827e+01,1.53675e+01,1.62321e+01
430,1.29068e+01,1.27176e+01,1.40452e+01,1.48721e+01,1.53568e+01,1.62212e+01
431,1.28967e+01,1.27074e+01,1.40348e+01,1.48617e+01,1.53464e+01,1.62106e+01
432,1.28868e+01,1.26975e+01,1.40248e+01,1.48514e+01,1.53361e+01,1.62002e+01
433,1.28770e+01,1.26878e+01,1.40149e+01,1.48415e+01,1.53260e+01,1.61900e+01
434,1.28675e+01,1.26783e+01,1.40052e+01,1.48317e+01,1.53162e+01,1.61801e+01
435,1.28582e+01,1.26691e+01,1.39958e+01,1.48221e+01,1.53066e+01,1.61703e+01
436,1.28491e+01,1.26600e+01,1.39865e+01,1.48128e+01,1.52972e+01,1.61608e+01
437,1.28403e+01,1.26511e+01,1.39775e+01,1.48037e+01,1.52880e+01,1.61515e+01
438,1.28316e+01,1.26425e+01,1.39687e+01,1.47947e+01,1.52790e+01,1.61425e+01
439,1.28231e+01,1.26341e+01,1.39601e+01,1.47861e+01,1.52703e+01,1.61336e+01
440,1.28149e+01,1.26258e+01,1.39517e+01,1.47776e+01,1.52617e+01,1.61250e+01
441,1.28069e+01,1.26178e+01,1.39436e+01,1.47693e+01,1.52534e+01,1.61166e+01
442,1.27991e+01,1.26100e+01,1.39356e+01,1.47613e+01,1.52454e+01,1.61084e+01
443,1.27915e+01,1.26025e+01,1.39279e+01,1.47535e+01,1.52375e+01,1.61005e+01
444,1.27841e+01,1.25951e+01,1.39204e+01,1.47459e+01,1.52299e+01,1.60928e+01
445,1.27769e+01,1.25880e+01,1.39132e+01,1.47386e+01,1.52225e+01,1.60853e+01
446,1.27700e+01,1.25810e+01,1.39061e+01,1.47314e+01,1.52153e+01,1.60780e+01
447,1.27632e+01,1.25743e+01,1.38993e+01,1.47245e+01,1.52083e+01,1.60709e+01
448,1.27567e+01,1.25678e+01,1.38927e+01,1.47178e+01,1.52016e+01,1.60641e+01
449,1.27504e+01,1.25616e+01,1.38863e+01,1.47114e+01,1.51951e+01,1.60575e+01
450,1.27444e+01,1.25555e+01,1.38801e+01,1.47051e+01,1.51888e+01,1.60512e+01
451,1.27385e+01,1.25496e+01,1.38741e+01,1.46991e+01,1.51827e+01,1.60450e+01
452,1.27329e+01,1.25440e+01,1.38684e+01,1.46933e+01,1.51769e+01,1.60391e+01
453,1.27274e+01,1.25386e+01,1.38629e+01,1.46877e+01,1.51713e+01,1.60335e+01
454,1.27222e+01,1.25334e+01,1.38576e+01,1.46824e+01,1.51659e+01,1.60280e+01
455,1.27172e+01,1.25284e+01,1.38525e+01,1.46772e+01,1.51607e+01,1.60228e+01
456,1.27124e+01,1.25236e+01,1.38476e+01,1.46723e+01,1.51558e+01,1.60178e+01
457,1.27079e+01,1.25191e+01,1.38430e+01,1.46676e+01,1.51510e+01,1.60130e+01
458,1.27035e+01,1.25147e+01,1.38386e+01,1.46632e+01,1.51465e+01,1.60084e+01
459,1.26994e+01,1.25106e+01,1.38344e+01,1.46589e+01,1.51423e+01,1.60041e+01
460,1.26954e+01,1.25067e+01,1.38304e+01,1.46549e+01,1.51382e+01,1.60000e+01
461,1.26917e+01,1.25030e+01,1.38266e+01,1.46510e+01,1.51343e+01,1.59961e+01
462,1.26882e+01,1.24995e+01,1.38230e+01,1.46474e+01,1.51307e+01,1.59924e+01
463,1.26849e+01,1.24962e+01,1.38197e+01,1.46441e+01,1.51273e+01,1.59890e+01
464,1.26818e+01,1.24931e+01,1.38166e+01,1.46409e+01,1.51241e+01,1.59857e+01
465,1.26789e+01,1.24902e+01,1.38136e+01,1.46379e+01,1.51211e+01,1.59827e+01
466,1.26763e+01,1.24876e+01,1.38109e+01,1.46352e+01,1.51184e+01,1.59799e+01
467,1.26738e+01,1.24851e+01,1.38084e+01,1.46326e+01,1.51158e+01,1.59774e+01
468,1.26715e+01,1.24829e+01,1.38061e+01,1.46303e+01,1.51135e+01,1.59750e+01
469,1.26695e+01,1.24808e+01,1.38040e+01,1.46282e+01,1.51114e+01,1.59728e+01
470,1.26676e+01,1.24790e+01,1.38021e+01,1.46263e+01,1.51094e+01,1.59709e+01
471,1.26660e+01,1.24773e+01,1.38005e+01,1.46246e+01,1.51077e+01,1.59692e+01
472,1.26645e+01,1.24759e+01,1.37990e+01,1.46231e+01,1.51062e+01,1.59676e+01
473,1.26633e+01,1.24746e+01,1.37977e+01,1.46218e+01,1.51049e+01,1.59663e+01
474,1.26622e+01,1.24735e+01,1.37966e+01,1.46207e+01,1.51038e+01,1.59652e+01
475,1.26613e+01,1.24727e+01,1.37957e+01,1.46198e+01,1.51029e+01,1.59643e+01
476,1.26607e+01,1.24720e+01,1.37951e+01,1.46191e+01,1.51022e+01,1.59636e+01
477,1.26602e+01,1.24715e+01,1.37946e+01,1.46186e+01,1.51017e+01,1.59631e+01
478,1.26599e+01,1.24712e+01,1.37943e+01,1.46183e+01,1.51014e+01,1.59628e+01
479,1.26598e+01,1.24711e+01,1.37942e+01,1.46182e+01,1.51013e+01,1.59627e+01
480,1.26599e+01,1.24712e+01,1.37942e+01,1.46183e+01,1.51014e+01,1.59628e+01
481,1.26601e+01,1.24715e+01,1.37945e+01,1.46186e+01,1.51017e+01,1.59630e+01
482,1.26606e+01,1.24719e+01,1.37950e+01,1.46190e+01,1.51021e+01,1.59635e+01
483,1.26612e+01,1.24725e+01,1.37956e+01,1.46197e+01,1.51028e+01,1.59642e+01
484,1.26620e+01,1.24733e+01,1.37964e+01,1.46205e+01,1.51036e+01,1.59650e+01
485,1.26630e+01,1.24743e+01,1.37974e+01,1.46215e+01,1.51046e+01,1.59660e+01
486,1.26641e+01,1.24754e+01,1.37986e+01,1.46227e+01,1.51058e+01,1.59672e+01
487,1.26654e+01,1.24768e+01,1.37999e+01,1.46240e+01,1.51072e+01,1.59686e+01
488,1.26669e+01,1.24782e+01,1.38014e+01,1.46256e+01,1.51087e+01,1.59701e+01
489,1.26686e+01,1.24799e+01,1.38031e+01,1.46273e+01,1.51104e+01,1.59719e+01
490,1.26704e+01,1.24817e+01,1.38049e+01,1.46291e+01,1.51123e+01,1.59738e+01
491,1.26723e+01,1.24837e+01,1.38069e+01,1.46311e+01,1.51143e+01,1.59758e+01
492,1.26745e+01,1.24858e+01,1.38091e+01,1.46333e+01,1.51165e+01,1.59781e+01
493,1.26768e+01,1.24881e+01,1.38114e+01,1.46357e+01,1.51189e+01,1.59805e+01
494,1.26792e+01,1.24905e+01,1.38139e+01,1.46382e+01,1.51214e+01,1.59830e+01
495,1.26818e+01,1.24931e+01,1.38165e+01,1.46409e+01,1.51241e+01,1.59857e+01
496,1.26845e+01,1.24958e+01,1.38193e+01,1.46437e+01,1.51269e+01,1.59886e+01
497,1.26874e+01,1.24987e+01,1.38223e+01,1.46466e+01,1.51299e+01,1.59916e+01
498,1.26904e+01,1.25017e+01,1.38253e+01,1.46498e+01,1.51330e+01,1.59948e+01
499,1.26936e+01,1.25049e+01,1.38285e+01,1.46530e+01,1.51363e+01,1.59981e+01
500,1.26969e+01,1.25082e+01,1.38319e+01,1.46564e+01,1.51397e+01,1.60016e+01
