# Radius per segment (in mm): 60.0, 10.0, 30.0, 40.0, 40.0
Timestep,Temp_Node_1,Temp_Node_2,Temp_Node_3,Temp_Node_4,Temp_Node_5,Temp_Node_6
0,2.00000e+01,2.00000e+01,2.00000e+01,2.00000e+01,2.00000e+01,2.00000e+01
1,1.03691e+01,1.02777e+01,1.75296e+01,1.85927e+01,1.94599e+01,1.99881e+01
2,1.03588e+01,1.02674e+01,1.75181e+01,1.85810e+01,1.94481e+01,1.99762e+01
3,1.03483e+01,1.02569e+01,1.75066e+01,1.85693e+01,1.94363e+01,1.99643e+01
4,1.03379e+01,1.02465e+01,1.74951e+01,1.85577e+01,1.94245e+01,1.99524e+01
5,1.03275e+01,1.02361e+01,1.74836e+01,1.85460e+01,1.94127e+01,1.99406e+01
6,1.03170e+01,1.02256e+01,1.74721e+01,1.85344e+01,1.94010e+01,1.99287e+01
7,1.03066e+01,1.02152e+01,1.74606e+01,1.85228e+01,1.93892e+01,1.99169e+01
8,1.02962e+01,1.02049e+01,1.74492e+01,1.85111e+01,1.93775e+01,1.99050e+01
9,1.02858e+01,1.01945e+01,1.74377e+01,1.84996e+01,1.93657e+01,1.98933e+01
10,1.02755e+01,1.01841e+01,1.74263e+01,1.84880e+01,1.93540e+01,1.98815e+01
11,1.02651e+01,1.01738e+01,1.74150e+01,1.84765e+01,1.93424e+01,1.98697e+01
12,1.02548e+01,1.01635e+01,1.74036e+01,1.84649e+01,1.93307e+01,1.98580e+01
13,1.02445e+01,1.01532e+01,1.73923e+01,1.84535e+01,1.93191e+01,1.98463e+01
14,1.02343e+01,1.01430e+01,1.73810e+01,1.84420e+01,1.93075e+01,1.98346e+01
15,1.02241e+01,1.01328e+01,1.73697e+01,1.84306e+01,1.92960e+01,1.98230e+01
16,1.02139e+01,1.01226e+01,1.73585e+01,1.84192e+01,1.92845e+01,1.98114e+01
17,1.02037e+01,1.01124e+01,1.73473e+01,1.84079e+01,1.92730e+01,1.97999e+01
18,1.01936e+01,1.01023e+01,1.73361e+01,1.83965e+01,1.92615e+01,1.97883e+01
19,1.01835e+01,1.00922e+01,1.73250e+01,1.83853e+01,1.92502e+01,1.97769e+01
20,1.01734e+01,1.00822e+01,1.73139e+01,1.83740e+01,1.92388e+01,1.97654e+01
21,1.01634e+01,1.00722e+01,1.73029e+01,1.83629e+01,1.92275e+01,1.97540e+01
22,1.01534e+01,1.00622e+01,1.72919e+01,1.83517e+01,1.92162e+01,1.97427e+01
23,1.01435e+01,1.00523e+01,1.72810e+01,1.83407e+01,1.92050e+01,1.97314e+01
24,1.01336e+01,1.00424e+01,1.72701e+01,1.83296e+01,1.91939e+01,1.97202e+01
25,1.01238e+01,1.00326e+01,1.72593e+01,1.83186e+01,1.91828e+01,1.97090e+01
26,1.01140e+01,1.00228e+01,1.72485e+01,1.83077e+01,1.91717e+01,1.96979e+01
27,1.01042e+01,1.00131e+01,1.72378e+01,1.82969e+01,1.91607e+01,1.96868e+01
28,1.00946e+01,1.00035e+01,1.72271e+01,1.82860e+01,1.91498e+01,1.96758e+01
29,1.00849e+01,9.99384e+00,1.72165e+01,1.82753e+01,1.91389e+01,1.96649e+01
30,1.00754e+01,9.98428e+00,1.72060e+01,1.82646e+01,1.91281e+01,1.96540e+01
31,1.00658e+01,9.97478e+00,1.71955e+01,1.82540e+01,1.91174e+01,1.96432e+01
32,1.00564e+01,9.96534e+00,1.71851e+01,1.82435e+01,1.91067e+01,1.96324e+01
33,1.00470e+01,9.95596e+00,1.71748e+01,1.82330e+01,1.90961e+01,1.96218e+01
34,1.00377e+01,9.94664e+00,1.71645e+01,1.82226e+01,1.90856e+01,1.96112e+01
35,1.00284e+01,9.93738e+00,1.71543e+01,1.82122e+01,1.90751e+01,1.96006e+01
36,1.00192e+01,9.92820e+00,1.71442e+01,1.82020e+01,1.90648e+01,1.95902e+01
37,1.00101e+01,9.91908e+00,1.71341e+01,1.81918e+01,1.90544e+01,1.95798e+01
38,1.00010e+01,9.91003e+00,1.71242e+01,1.81816e+01,1.90442e+01,1.95695e+01
39,9.99202e+00,9.90105e+00,1.71143e+01,1.81716e+01,1.90341e+01,1.95593e+01
40,9.98310e+00,9.89214e+00,1.71045e+01,1.81617e+01,1.90240e+01,1.95492e+01
41,9.97425e+00,9.88330e+00,1.70947e+01,1.81518e+01,1.90140e+01,1.95391e+01
42,9.96548e+00,9.87455e+00,1.70851e+01,1.81420e+01,1.90041e+01,1.95291e+01
43,9.95679e+00,9.86586e+00,1.70755e+01,1.81323e+01,1.89943e+01,1.95193e+01
44,9.94817e+00,9.85726e+00,1.70660e+01,1.81227e+01,1.89846e+01,1.95095e+01
45,9.93964e+00,9.84873e+00,1.70566e+01,1.81132e+01,1.89750e+01,1.94998e+01
46,9.93118e+00,9.84029e+00,1.70473e+01,1.81037e+01,1.89654e+01,1.94902e+01
47,9.92281e+00,9.83193e+00,1.70381e+01,1.80944e+01,1.89560e+01,1.94807e+01
48,9.91452e+00,9.82365e+00,1.70290e+01,1.80851e+01,1.89466e+01,1.94712e+01
49,9.90631e+00,9.81545e+00,1.70199e+01,1.80760e+01,1.89374e+01,1.94619e+01
50,9.89820e+00,9.80734e+00,1.70110e+01,1.80669e+01,1.89282e+01,1.94527e+01
51,9.89016e+00,9.79932e+00,1.70022e+01,1.80580e+01,1.89191e+01,1.94436e+01
52,9.88222e+00,9.79139e+00,1.69934e+01,1.80491e+01,1.89102e+01,1.94345e+01
53,9.87437e+00,9.78355e+00,1.69848e+01,1.80403e+01,1.89013e+01,1.94256e+01
54,9.86660e+00,9.77579e+00,1.69762e+01,1.80317e+01,1.88925e+01,1.94168e+01
55,9.85893e+00,9.76813e+00,1.69678e+01,1.80231e+01,1.88839e+01,1.94081e+01
56,9.85135e+00,9.76056e+00,1.69594e+01,1.80147e+01,1.88753e+01,1.93995e+01
57,9.84387e+00,9.75309e+00,1.69512e+01,1.80063e+01,1.88669e+01,1.93910e+01
58,9.83648e+00,9.74571e+00,1.69431e+01,1.79981e+01,1.88586e+01,1.93826e+01
59,9.82919e+00,9.73843e+00,1.69351e+01,1.79899e+01,1.88503e+01,1.93743e+01
60,9.82199e+00,9.73124e+00,1.69271e+01,1.79819e+01,1.88422e+01,1.93661e+01
61,9.81490e+00,9.72415e+00,1.69193e+01,1.79740e+01,1.88342e+01,1.93580e+01
62,9.80790e+00,9.71716e+00,1.69116e+01,1.79662e+01,1.88263e+01,1.93501e+01
63,9.80100e+00,9.71027e+00,1.69040e+01,1.79585e+01,1.88185e+01,1.93423e+01
64,9.79420e+00,9.70349e+00,1.68966e+01,1.79509e+01,1.88109e+01,1.93345e+01
65,9.78751e+00,9.69680e+00,1.68892e+01,1.79434e+01,1.88033e+01,1.93269e+01
66,9.78092e+00,9.69021e+00,1.68819e+01,1.79361e+01,1.87959e+01,1.93194e+01
67,9.77443e+00,9.68373e+00,1.68748e+01,1.79288e+01,1.87885e+01,1.93121e+01
68,9.76804e+00,9.67735e+00,1.68678e+01,1.79217e+01,1.87813e+01,1.93048e+01
69,9.76176e+00,9.67108e+00,1.68609e+01,1.79147e+01,1.87743e+01,1.92977e+01
70,9.75558e+00,9.66491e+00,1.68541e+01,1.79078e+01,1.87673e+01,1.92907e+01
71,9.74951e+00,9.65885e+00,1.68474e+01,1.79010e+01,1.87604e+01,1.92838e+01
72,9.74355e+00,9.65290e+00,1.68408e+01,1.78944e+01,1.87537e+01,1.92770e+01
73,9.73769e+00,9.64705e+00,1.68344e+01,1.78879e+01,1.87471e+01,1.92704e+01
74,9.73195e+00,9.64131e+00,1.68280e+01,1.78814e+01,1.87406e+01,1.92638e+01
75,9.72631e+00,9.63567e+00,1.68218e+01,1.78752e+01,1.87343e+01,1.92574e+01
76,9.72077e+00,9.63015e+00,1.68158e+01,1.78690e+01,1.87280e+01,1.92511e+01
77,9.71535e+00,9.62473e+00,1.68098e+01,1.78629e+01,1.87219e+01,1.92450e+01
78,9.71004e+00,9.61943e+00,1.68039e+01,1.78570e+01,1.87159e+01,1.92389e+01
79,9.70484e+00,9.61423e+00,1.67982e+01,1.78512e+01,1.87100e+01,1.92330e+01
80,9.69975e+00,9.60915e+00,1.67926e+01,1.78455e+01,1.87043e+01,1.92273e+01
81,9.69477e+00,9.60417e+00,1.67871e+01,1.78400e+01,1.86987e+01,1.92216e+01
82,9.68990e+00,9.59931e+00,1.67818e+01,1.78345e+01,1.86932e+01,1.92161e+01
83,9.68514e+00,9.59456e+00,1.67765e+01,1.78292e+01,1.86878e+01,1.92107e+01
84,9.68049e+00,9.58992e+00,1.67714e+01,1.78241e+01,1.86826e+01,1.92054e+01
85,9.67595e+00,9.58539e+00,1.67664e+01,1.78190e+01,1.86775e+01,1.92002e+01
86,9.67153e+00,9.58097e+00,1.67616e+01,1.78141e+01,1.86725e+01,1.91952e+01
87,9.66722e+00,9.57666e+00,1.67568e+01,1.78093e+01,1.86676e+01,1.91903e+01
88,9.66302e+00,9.57247e+00,1.67522e+01,1.78046e+01,1.86629e+01,1.91855e+01
89,9.65893e+00,9.56839e+00,1.67477e+01,1.78000e+01,1.86583e+01,1.91809e+01
90,9.65496e+00,9.56441e+00,1.67433e+01,1.77956e+01,1.86538e+01,1.91764e+01
91,9.65109e+00,9.56056e+00,1.67391e+01,1.77913e+01,1.86494e+01,1.91720e+01
92,9.64734e+00,9.55681e+00,1.67350e+01,1.77871e+01,1.86452e+01,1.91677e+01
93,9.64370e+00,9.55317e+00,1.67310e+01,1.77830e+01,1.86411e+01,1.91636e+01
94,9.64017e+00,9.54965e+00,1.67271e+01,1.77791e+01,1.86371e+01,1.91596e+01
95,9.63676e+00,9.54624e+00,1.67233e+01,1.77753e+01,1.86333e+01,1.91557e+01
96,9.63345e+00,9.54294e+00,1.67197e+01,1.77716e+01,1.86295e+01,1.91520e+01
97,9.63026e+00,9.53975e+00,1.67162e+01,1.77680e+01,1.86259e+01,1.91483e+01
98,9.62717e+00,9.53667e+00,1.67128e+01,1.77646e+01,1.86224e+01,1.91448e+01
99,9.62420e+00,9.53370e+00,1.67095e+01,1.77613e+01,1.86191e+01,1.91415e+01
100,9.62134e+00,9.53084e+00,1.67064e+01,1.77581e+01,1.86159e+01,1.91382e+01
101,9.61859e+00,9.52809e+00,1.67033e+01,1.77550e+01,1.86128e+01,1.91351e+01
102,9.61595e+00,9.52545e+00,1.67004e+01,1.77521e+01,1.86098e+01,1.91321e+01
103,9.61341e+00,9.52292e+00,1.66976e+01,1.77492e+01,1.86069e+01,1.91292e+01
104,9.61099e+00,9.52050e+00,1.66950e+01,1.77465e+01,1.86042e+01,1.91265e+01
105,9.60867e+00,9.51819e+00,1.66924e+01,1.77440e+01,1.86016e+01,1.91238e+01
106,9.60646e+00,9.51598e+00,1.66900e+01,1.77415e+01,1.85991e+01,1.91213e+01
107,9.60436e+00,9.51389e+00,1.66877e+01,1.77392e+01,1.85967e+01,1.91189e+01
108,9.60237e+00,9.51189e+00,1.66855e+01,1.77369e+01,1.85945e+01,1.91167e+01
109,9.60048e+00,9.51001e+00,1.66834e+01,1.77348e+01,1.85923e+01,1.91145e+01
110,9.59869e+00,9.50822e+00,1.66815e+01,1.77328e+01,1.85903e+01,1.91125e+01
111,9.59701e+00,9.50655e+00,1.66796e+01,1.77310e+01,1.85884e+01,1.91106e+01
112,9.59544e+00,9.50497e+00,1.66779e+01,1.77292e+01,1.85867e+01,1.91088e+01
113,9.59397e+00,9.50350e+00,1.66763e+01,1.77276e+01,1.85850e+01,1.91071e+01
114,9.59260e+00,9.50213e+00,1.66747e+01,1.77260e+01,1.85835e+01,1.91056e+01
115,9.59133e+00,9.50087e+00,1.66734e+01,1.77246e+01,1.85820e+01,1.91042e+01
116,9.59016e+00,9.49970e+00,1.66721e+01,1.77233e+01,1.85807e+01,1.91028e+01
117,9.58909e+00,9.49863e+00,1.66709e+01,1.77221e+01,1.85795e+01,1.91016e+01
118,9.58812e+00,9.49766e+00,1.66698e+01,1.77211e+01,1.85784e+01,1.91005e+01
119,9.58725e+00,9.49679e+00,1.66689e+01,1.77201e+01,1.85774e+01,1.90995e+01
120,9.58647e+00,9.49602e+00,1.66680e+01,1.77192e+01,1.85766e+01,1.90986e+01
121,9.58580e+00,9.49534e+00,1.66673e+01,1.77185e+01,1.85758e+01,1.90979e+01
122,9.58521e+00,9.49476e+00,1.66666e+01,1.77178e+01,1.85751e+01,1.90972e+01
123,9.58472e+00,9.49427e+00,1.66661e+01,1.77173e+01,1.85746e+01,1.90967e+01
124,9.58432e+00,9.49387e+00,1.66657e+01,1.77168e+01,1.85741e+01,1.90962e+01
125,9.58402e+00,9.49357e+00,1.66653e+01,1.77165e+01,1.85738e+01,1.90959e+01
126,9.58380e+00,9.49335e+00,1.66651e+01,1.77162e+01,1.85736e+01,1.90956e+01
127,9.58368e+00,9.49323e+00,1.66649e+01,1.77161e+01,1.85734e+01,1.90955e+01
128,9.58364e+00,9.49319e+00,1.66649e+01,1.77161e+01,1.85734e+01,1.90954e+01
129,9.58369e+00,9.49324e+00,1.66650e+01,1.77161e+01,1.85734e+01,1.90955e+01
130,9.58383e+00,9.49337e+00,1.66651e+01,1.77163e+01,1.85736e+01,1.90957e+01
131,9.58404e+00,9.49359e+00,1.66654e+01,1.77165e+01,1.85738e+01,1.90959e+01
132,9.58435e+00,9.49390e+00,1.66657e+01,1.77169e+01,1.85742e+01,1.90962e+01
133,9.58473e+00,9.49428e+00,1.66661e+01,1.77173e+01,1.85746e+01,1.90967e+01
134,9.58520e+00,9.49474e+00,1.66666e+01,1.77178e+01,1.85751e+01,1.90972e+01
135,9.58574e+00,9.49529e+00,1.66672e+01,1.77184e+01,1.85758e+01,1.90978e+01
136,9.58636e+00,9.49591e+00,1.66679e+01,1.77191e+01,1.85765e+01,1.90985e+01
137,9.58706e+00,9.49661e+00,1.66687e+01,1.77199e+01,1.85772e+01,1.90993e+01
138,9.58783e+00,9.49738e+00,1.66695e+01,1.77208e+01,1.85781e+01,1.91002e+01
139,9.58868e+00,9.49822e+00,1.66705e+01,1.77217e+01,1.85791e+01,1.91012e+01
140,9.58960e+00,9.49914e+00,1.66715e+01,1.77227e+01,1.85801e+01,1.91022e+01
141,9.59059e+00,9.50013e+00,1.66726e+01,1.77238e+01,1.85812e+01,1.91033e+01
142,9.59164e+00,9.50118e+00,1.66737e+01,1.77250e+01,1.85824e+01,1.91045e+01
143,9.59277e+00,9.50231e+00,1.66750e+01,1.77263e+01,1.85837e+01,1.91058e+01
144,9.59396e+00,9.50349e+00,1.66763e+01,1.77276e+01,1.85850e+01,1.91072e+01
145,9.59521e+00,9.50475e+00,1.66777e+01,1.77290e+01,1.85864e+01,1.91086e+01
146,9.59653e+00,9.50606e+00,1.66791e+01,1.77305e+01,1.85879e+01,1.91101e+01
147,9.59791e+00,9.50744e+00,1.66806e+01,1.77320e+01,1.85895e+01,1.91117e+01
148,9.59934e+00,9.50887e+00,1.66822e+01,1.77336e+01,1.85911e+01,1.91133e+01
149,9.60084e+00,9.51037e+00,1.66838e+01,1.77353e+01,1.85928e+01,1.91150e+01
150,9.60239e+00,9.51191e+00,1.66856e+01,1.77370e+01,1.85945e+01,1.91168e+01
151,9.60399e+00,9.51352e+00,1.66873e+01,1.77388e+01,1.85964e+01,1.91186e+01
152,9.60565e+00,9.51517e+00,1.66891e+01,1.77406e+01,1.85982e+01,1.91205e+01
153,9.60736e+00,9.51688e+00,1.66910e+01,1.77425e+01,1.86002e+01,1.91224e+01
154,9.60911e+00,9.51863e+00,1.66930e+01,1.77445e+01,1.86021e+01,1.91244e+01
155,9.61092e+00,9.52043e+00,1.66949e+01,1.77465e+01,1.86042e+01,1.91264e+01
156,9.61277e+00,9.52228e+00,1.66970e+01,1.77486e+01,1.86063e+01,1.91286e+01
157,9.61466e+00,9.52417e+00,1.66991e+01,1.77507e+01,1.86084e+01,1.91307e+01
158,9.61659e+00,9.52610e+00,1.67012e+01,1.77529e+01,1.86106e+01,1.91329e+01
159,9.61857e+00,9.52807e+00,1.67034e+01,1.77551e+01,1.86128e+01,1.91351e+01
160,9.62058e+00,9.53008e+00,1.67056e+01,1.77573e+01,1.86151e+01,1.91374e+01
161,9.62263e+00,9.53213e+00,1.67078e+01,1.77596e+01,1.86174e+01,1.91398e+01
162,9.62471e+00,9.53421e+00,1.67101e+01,1.77619e+01,1.86197e+01,1.91421e+01
163,9.62683e+00,9.53632e+00,1.67125e+01,1.77643e+01,1.86221e+01,1.91445e+01
164,9.62898e+00,9.53847e+00,1.67148e+01,1.77667e+01,1.86246e+01,1.91470e+01
165,9.63115e+00,9.54064e+00,1.67172e+01,1.77691e+01,1.86270e+01,1.91494e+01
166,9.63336e+00,9.54284e+00,1.67196e+01,1.77716e+01,1.86295e+01,1.91519e+01
167,9.63558e+00,9.54507e+00,1.67221e+01,1.77740e+01,1.86320e+01,1.91545e+01
168,9.63783e+00,9.54731e+00,1.67246e+01,1.77766e+01,1.86345e+01,1.91570e+01
169,9.64011e+00,9.54958e+00,1.67271e+01,1.77791e+01,1.86371e+01,1.91596e+01
170,9.64240e+00,9.55187e+00,1.67296e+01,1.77816e+01,1.86397e+01,1.91622e+01
171,9.64471e+00,9.55418e+00,1.67321e+01,1.77842e+01,1.86423e+01,1.91648e+01
172,9.64703e+00,9.55650e+00,1.67347e+01,1.77868e+01,1.86449e+01,1.91675e+01
173,9.64937e+00,9.55884e+00,1.67373e+01,1.77894e+01,1.86476e+01,1.91701e+01
174,9.65172e+00,9.56118e+00,1.67398e+01,1.77920e+01,1.86502e+01,1.91728e+01
175,9.65408e+00,9.56354e+00,1.67424e+01,1.77947e+01,1.86529e+01,1.91755e+01
176,9.65645e+00,9.56590e+00,1.67451e+01,1.77973e+01,1.86555e+01,1.91782e+01
177,9.65882e+00,9.56827e+00,1.67477e+01,1.78000e+01,1.86582e+01,1.91809e+01
178,9.66120e+00,9.57065e+00,1.67503e+01,1.78026e+01,1.86609e+01,1.91836e+01
179,9.66357e+00,9.57302e+00,1.67529e+01,1.78053e+01,1.86636e+01,1.91863e+01
180,9.66595e+00,9.57540e+00,1.67555e+01,1.78079e+01,1.86663e+01,1.91890e+01
181,9.66833e+00,9.57777e+00,1.67581e+01,1.78106e+01,1.86690e+01,1.91917e+01
182,9.67070e+00,9.58014e+00,1.67607e+01,1.78132e+01,1.86716e+01,1.91944e+01
183,9.67307e+00,9.58250e+00,1.67633e+01,1.78159e+01,1.86743e+01,1.91971e+01
184,9.67543e+00,9.58486e+00,1.67659e+01,1.78185e+01,1.86770e+01,1.91997e+01
185,9.67778e+00,9.58720e+00,1.67685e+01,1.78211e+01,1.86796e+01,1.92024e+01
186,9.68011e+00,9.58954e+00,1.67711e+01,1.78237e+01,1.86822e+01,1.92051e+01
187,9.68244e+00,9.59186e+00,1.67737e+01,1.78263e+01,1.86849e+01,1.92077e+01
188,9.68474e+00,9.59416e+00,1.67762e+01,1.78289e+01,1.86875e+01,1.92103e+01
189,9.68703e+00,9.59645e+00,1.67787e+01,1.78314e+01,1.86901e+01,1.92129e+01
190,9.68930e+00,9.59872e+00,1.67812e+01,1.78340e+01,1.86926e+01,1.92155e+01
191,9.69155e+00,9.60096e+00,1.67837e+01,1.78365e+01,1.86952e+01,1.92181e+01
192,9.69378e+00,9.60319e+00,1.67861e+01,1.78390e+01,1.86977e+01,1.92206e+01
193,9.69598e+00,9.60539e+00,1.67886e+01,1.78414e+01,1.87001e+01,1.92231e+01
194,9.69815e+00,9.60756e+00,1.67909e+01,1.78438e+01,1.87026e+01,1.92256e+01
195,9.70030e+00,9.60970e+00,1.67933e+01,1.78462e+01,1.87050e+01,1.92280e+01
196,9.70241e+00,9.61181e+00,1.67956e+01,1.78486e+01,1.87074e+01,1.92304e+01
197,9.70450e+00,9.61389e+00,1.67979e+01,1.78509e+01,1.87098e+01,1.92328e+01
198,9.70654e+00,9.61593e+00,1.68002e+01,1.78532e+01,1.87121e+01,1.92351e+01
199,9.70855e+00,9.61794e+00,1.68024e+01,1.78554e+01,1.87143e+01,1.92374e+01
200,9.71052e+00,9.61991e+00,1.68046e+01,1.78576e+01,1.87166e+01,1.92396e+01
201,9.71246e+00,9.62184e+00,1.68067e+01,1.78598e+01,1.87187e+01,1.92418e+01
202,9.71435e+00,9.62373e+00,1.68088e+01,1.78619e+01,1.87209e+01,1.92439e+01
203,9.71619e+00,9.62557e+00,1.68108e+01,1.78640e+01,1.87229e+01,1.92460e+01
204,9.71800e+00,9.62737e+00,1.68128e+01,1.78660e+01,1.87250e+01,1.92481e+01
205,9.71975e+00,9.62912e+00,1.68147e+01,1.78679e+01,1.87270e+01,1.92501e+01
206,9.72145e+00,9.63083e+00,1.68166e+01,1.78698e+01,1.87289e+01,1.92520e+01
207,9.72311e+00,9.63248e+00,1.68184e+01,1.78717e+01,1.87307e+01,1.92539e+01
208,9.72471e+00,9.63408e+00,1.68202e+01,1.78735e+01,1.87326e+01,1.92557e+01
209,9.72626e+00,9.63563e+00,1.68219e+01,1.78752e+01,1.87343e+01,1.92575e+01
210,9.72775e+00,9.63712e+00,1.68235e+01,1.78769e+01,1.87360e+01,1.92592e+01
211,9.72919e+00,9.63855e+00,1.68251e+01,1.78785e+01,1.87376e+01,1.92608e+01
212,9.73056e+00,9.63992e+00,1.68266e+01,1.78800e+01,1.87392e+01,1.92624e+01
213,9.73188e+00,9.64124e+00,1.68280e+01,1.78815e+01,1.87406e+01,1.92638e+01
214,9.73313e+00,9.64249e+00,1.68294e+01,1.78829e+01,1.87420e+01,1.92653e+01
215,9.73432e+00,9.64367e+00,1.68307e+01,1.78842e+01,1.87434e+01,1.92666e+01
216,9.73544e+00,9.64479e+00,1.68320e+01,1.78854e+01,1.87447e+01,1.92679e+01
217,9.73650e+00,9.64585e+00,1.68331e+01,1.78866e+01,1.87458e+01,1.92691e+01
218,9.73748e+00,9.64683e+00,1.68342e+01,1.78877e+01,1.87470e+01,1.92702e+01
219,9.73840e+00,9.64775e+00,1.68352e+01,1.78887e+01,1.87480e+01,1.92713e+01
220,9.73924e+00,9.64859e+00,1.68362e+01,1.78897e+01,1.87489e+01,1.92722e+01
221,9.74002e+00,9.64936e+00,1.68370e+01,1.78905e+01,1.87498e+01,1.92731e+01
222,9.74071e+00,9.65006e+00,1.68378e+01,1.78913e+01,1.87506e+01,1.92739e+01
223,9.74133e+00,9.65068e+00,1.68384e+01,1.78920e+01,1.87513e+01,1.92746e+01
224,9.74188e+00,9.65123e+00,1.68390e+01,1.78926e+01,1.87519e+01,1.92752e+01
225,9.74234e+00,9.65169e+00,1.68396e+01,1.78931e+01,1.87524e+01,1.92757e+01
226,9.74273e+00,9.65207e+00,1.68400e+01,1.78936e+01,1.87529e+01,1.92762e+01
227,9.74303e+00,9.65238e+00,1.68403e+01,1.78939e+01,1.87532e+01,1.92765e+01
228,9.74325e+00,9.65260e+00,1.68406e+01,1.78941e+01,1.87535e+01,1.92768e+01
229,9.74339e+00,9.65273e+00,1.68407e+01,1.78943e+01,1.87536e+01,1.92769e+01
230,9.74344e+00,9.65279e+00,1.68408e+01,1.78943e+01,1.87537e+01,1.92770e+01
231,9.74341e+00,9.65275e+00,1.68407e+01,1.78943e+01,1.87536e+01,1.92769e+01
232,9.74328e+00,9.65263e+00,1.68406e+01,1.78942e+01,1.87535e+01,1.92768e+01
233,9.74307e+00,9.65242e+00,1.68404e+01,1.78939e+01,1.87532e+01,1.92765e+01
234,9.74277e+00,9.65211e+00,1.68400e+01,1.78936e+01,1.87529e+01,1.92762e+01
235,9.74237e+00,9.65172e+00,1.68396e+01,1.78931e+01,1.87525e+01,1.92757e+01
236,9.74189e+00,9.65124e+00,1.68390e+01,1.78926e+01,1.87519e+01,1.92752e+01
237,9.74131e+00,9.65066e+00,1.68384e+01,1.78920e+01,1.87513e+01,1.92745e+01
238,9.74064e+00,9.64999e+00,1.68377e+01,1.78912e+01,1.87505e+01,1.92738e+01
239,9.73987e+00,9.64922e+00,1.68368e+01,1.78903e+01,1.87496e+01,1.92729e+01
240,9.73900e+00,9.64835e+00,1.68359e+01,1.78894e+01,1.87486e+01,1.92719e+01
241,9.73804e+00,9.64739e+00,1.68348e+01,1.78883e+01,1.87476e+01,1.92708e+01
242,9.73698e+00,9.64633e+00,1.68336e+01,1.78871e+01,1.87464e+01,1.92696e+01
243,9.73582e+00,9.64518e+00,1.68324e+01,1.78858e+01,1.87451e+01,1.92683e+01
244,9.73456e+00,9.64392e+00,1.68310e+01,1.78844e+01,1.87436e+01,1.92669e+01
245,9.73320e+00,9.64256e+00,1.68295e+01,1.78829e+01,1.87421e+01,1.92653e+01
246,9.73174e+00,9.64110e+00,1.68279e+01,1.78813e+01,1.87404e+01,1.92636e+01
247,9.73017e+00,9.63954e+00,1.68261e+01,1.78795e+01,1.87387e+01,1.92619e+01
248,9.72851e+00,9.63787e+00,1.68243e+01,1.78777e+01,1.87368e+01,1.92600e+01
249,9.72674e+00,9.63610e+00,1.68224e+01,1.78757e+01,1.87348e+01,1.92580e+01
250,9.72486e+00,9.63423e+00,1.68203e+01,1.78736e+01,1.87327e+01,1.92558e+01
251,9.72288e+00,9.63225e+00,1.68181e+01,1.78714e+01,1.87304e+01,1.92536e+01
252,9.72079e+00,9.63017e+00,1.68158e+01,1.78690e+01,1.87281e+01,1.92512e+01
253,9.71860e+00,9.62798e+00,1.68134e+01,1.78666e+01,1.87256e+01,1.92487e+01
254,9.71630e+00,9.62568e+00,1.68109e+01,1.78640e+01,1.87230e+01,1.92461e+01
255,9.71389e+00,9.62328e+00,1.68082e+01,1.78613e+01,1.87203e+01,1.92434e+01
256,9.71138e+00,9.62076e+00,1.68054e+01,1.78585e+01,1.87175e+01,1.92405e+01
257,9.70876e+00,9.61815e+00,1.68026e+01,1.78556e+01,1.87145e+01,1.92375e+01
258,9.70602e+00,9.61542e+00,1.67996e+01,1.78526e+01,1.87114e+01,1.92344e+01
259,9.70318e+00,9.61258e+00,1.67964e+01,1.78494e+01,1.87082e+01,1.92312e+01
260,9.70023e+00,9.60963e+00,1.67932e+01,1.78461e+01,1.87049e+01,1.92278e+01
261,9.69717e+00,9.60658e+00,1.67898e+01,1.78427e+01,1.87014e+01,1.92244e+01
262,9.69400e+00,9.60341e+00,1.67863e+01,1.78391e+01,1.86978e+01,1.92208e+01
263,9.69073e+00,9.60014e+00,1.67827e+01,1.78355e+01,1.86941e+01,1.92170e+01
264,9.68734e+00,9.59675e+00,1.67790e+01,1.78317e+01,1.86903e+01,1.92132e+01
265,9.68383e+00,9.59326e+00,1.67751e+01,1.78278e+01,1.86864e+01,1.92092e+01
266,9.68022e+00,9.58965e+00,1.67712e+01,1.78238e+01,1.86823e+01,1.92051e+01
267,9.67650e+00,9.58593e+00,1.67671e+01,1.78196e+01,1.86781e+01,1.92009e+01
268,9.67267e+00,9.58210e+00,1.67628e+01,1.78153e+01,1.86738e+01,1.91965e+01
269,9.66873e+00,9.57817e+00,1.67585e+01,1.78109e+01,1.86693e+01,1.91920e+01
270,9.66467e+00,9.57412e+00,1.67540e+01,1.78064e+01,1.86647e+01,1.91874e+01
271,9.66051e+00,9.56996e+00,1.67494e+01,1.78018e+01,1.86600e+01,1.91827e+01
272,9.65623e+00,9.56569e+00,1.67447e+01,1.77970e+01,1.86552e+01,1.91778e+01
273,9.65184e+00,9.56131e+00,1.67399e+01,1.77921e+01,1.86503e+01,1.91728e+01
274,9.64735e+00,9.55681e+00,1.67350e+01,1.77871e+01,1.86452e+01,1.91677e+01
275,9.64274e+00,9.55221e+00,1.67299e+01,1.77819e+01,1.86400e+01,1.91625e+01
276,9.63802e+00,9.54750e+00,1.67247e+01,1.77767e+01,1.86347e+01,1.91571e+01
277,9.63319e+00,9.54268e+00,1.67194e+01,1.77713e+01,1.86292e+01,1.91517e+01
278,9.62825e+00,9.53775e+00,1.67139e+01,1.77658e+01,1.86236e+01,1.91460e+01
279,9.62321e+00,9.53271e+00,1.67084e+01,1.77601e+01,1.86179e+01,1.91403e+01
280,9.61805e+00,9.52756e+00,1.67027e+01,1.77544e+01,1.86121e+01,1.91345e+01
281,9.61279e+00,9.52230e+00,1.66969e+01,1.77485e+01,1.86062e+01,1.91285e+01
282,9.60742e+00,9.51693e+00,1.66910e+01,1.77425e+01,1.86001e+01,1.91224e+01
283,9.60193e+00,9.51146e+00,1.66850e+01,1.77364e+01,1.85939e+01,1.91161e+01
284,9.59635e+00,9.50588e+00,1.66788e+01,1.77302e+01,1.85876e+01,1.91098e+01
285,9.59065e+00,9.50019e+00,1.66726e+01,1.77238e+01,1.85812e+01,1.91033e+01
286,9.58485e+00,9.49440e+00,1.66662e+01,1.77173e+01,1.85747e+01,1.90967e+01
287,9.57894e+00,9.48850e+00,1.66597e+01,1.77108e+01,1.85680e+01,1.90900e+01
288,9.57293e+00,9.48250e+00,1.66531e+01,1.77040e+01,1.85612e+01,1.90832e+01
289,9.56682e+00,9.47639e+00,1.66463e+01,1.76972e+01,1.85543e+01,1.90762e+01
290,9.56060e+00,9.47018e+00,1.66395e+01,1.76903e+01,1.85473e+01,1.90692e+01
291,9.55427e+00,9.46386e+00,1.66325e+01,1.76832e+01,1.85402e+01,1.90620e+01
292,9.54785e+00,9.45744e+00,1.66255e+01,1.76761e+01,1.85329e+01,1.90547e+01
293,9.54132e+00,9.45092e+00,1.66183e+01,1.76688e+01,1.85255e+01,1.90473e+01
294,9.53469e+00,9.44431e+00,1.66110e+01,1.76614e+01,1.85181e+01,1.90397e+01
295,9.52796e+00,9.43759e+00,1.66036e+01,1.76539e+01,1.85105e+01,1.90321e+01
296,9.52114e+00,9.43077e+00,1.65961e+01,1.76463e+01,1.85028e+01,1.90244e+01
297,9.51421e+00,9.42385e+00,1.65884e+01,1.76385e+01,1.84950e+01,1.90165e+01
298,9.50719e+00,9.41684e+00,1.65807e+01,1.76307e+01,1.84870e+01,1.90085e+01
299,9.50007e+00,9.40973e+00,1.65729e+01,1.76228e+01,1.84790e+01,1.90004e+01
300,9.49286e+00,9.40252e+00,1.65649e+01,1.76147e+01,1.84709e+01,1.89922e+01
301,9.48555e+00,9.39522e+00,1.65569e+01,1.76066e+01,1.84626e+01,1.89839e+01
302,9.47814e+00,9.38783e+00,1.65487e+01,1.75983e+01,1.84543e+01,1.89755e+01
303,9.47065e+00,9.38034e+00,1.65405e+01,1.75899e+01,1.84458e+01,1.89670e+01
304,9.46306e+00,9.37277e+00,1.65321e+01,1.75815e+01,1.84373e+01,1.89584e+01
305,9.45539e+00,9.36510e+00,1.65237e+01,1.75729e+01,1.84286e+01,1.89497e+01
306,9.44762e+00,9.35735e+00,1.65152e+01,1.75642e+01,1.84198e+01,1.89408e+01
307,9.43977e+00,9.34950e+00,1.65065e+01,1.75555e+01,1.84110e+01,1.89319e+01
308,9.43183e+00,9.34157e+00,1.64978e+01,1.75466e+01,1.84020e+01,1.89229e+01
309,9.42380e+00,9.33356e+00,1.64890e+01,1.75377e+01,1.83930e+01,1.89138e+01
310,9.41569e+00,9.32546e+00,1.64800e+01,1.75286e+01,1.83838e+01,1.89046e+01
311,9.40750e+00,9.31728e+00,1.64710e+01,1.75195e+01,1.83746e+01,1.88953e+01
312,9.39923e+00,9.30902e+00,1.64619e+01,1.75103e+01,1.83652e+01,1.88859e+01
313,9.39087e+00,9.30067e+00,1.64527e+01,1.75010e+01,1.83558e+01,1.88764e+01
314,9.38244e+00,9.29225e+00,1.64434e+01,1.74915e+01,1.83463e+01,1.88668e+01
315,9.37393e+00,9.28375e+00,1.64341e+01,1.74821e+01,1.83367e+01,1.88572e+01
316,9.36535e+00,9.27518e+00,1.64246e+01,1.74725e+01,1.83270e+01,1.88474e+01
317,9.35668e+00,9.26653e+00,1.64151e+01,1.74628e+01,1.83173e+01,1.88376e+01
318,9.34795e+00,9.25780e+00,1.64055e+01,1.74531e+01,1.83074e+01,1.88276e+01
319,9.33914e+00,9.24901e+00,1.63958e+01,1.74433e+01,1.82975e+01,1.88176e+01
320,9.33027e+00,9.24014e+00,1.63860e+01,1.74334e+01,1.82875e+01,1.88076e+01
321,9.32132e+00,9.23121e+00,1.63762e+01,1.74234e+01,1.82774e+01,1.87974e+01
322,9.31231e+00,9.22221e+00,1.63663e+01,1.74133e+01,1.82672e+01,1.87872e+01
323,9.30324e+00,9.21314e+00,1.63563e+01,1.74032e+01,1.82570e+01,1.87769e+01
324,9.29409e+00,9.20401e+00,1.63462e+01,1.73930e+01,1.82467e+01,1.87665e+01
325,9.28489e+00,9.19482e+00,1.63361e+01,1.73827e+01,1.82363e+01,1.87560e+01
326,9.27562e+00,9.18557e+00,1.63259e+01,1.73724e+01,1.82258e+01,1.87455e+01
327,9.26630e+00,9.17626e+00,1.63157e+01,1.73620e+01,1.82153e+01,1.87349e+01
328,9.25692e+00,9.16689e+00,1.63053e+01,1.73515e+01,1.82047e+01,1.87243e+01
329,9.24748e+00,9.15746e+00,1.62950e+01,1.73410e+01,1.81941e+01,1.87136e+01
330,9.23799e+00,9.14798e+00,1.62845e+01,1.73304e+01,1.81834e+01,1.87028e+01
331,9.22845e+00,9.13845e+00,1.62740e+01,1.73198e+01,1.81726e+01,1.86919e+01
332,9.21885e+00,9.12887e+00,1.62635e+01,1.73091e+01,1.81618e+01,1.86811e+01
333,9.20921e+00,9.11924e+00,1.62529e+01,1.72983e+01,1.81509e+01,1.86701e+01
334,9.19951e+00,9.10956e+00,1.62422e+01,1.72875e+01,1.81400e+01,1.86591e+01
335,9.18978e+00,9.09983e+00,1.62315e+01,1.72767e+01,1.81290e+01,1.86480e+01
336,9.18000e+00,9.09006e+00,1.62207e+01,1.72658e+01,1.81180e+01,1.86369e+01
337,9.17017e+00,9.08025e+00,1.62099e+01,1.72548e+01,1.81069e+01,1.86258e+01
338,9.16031e+00,9.07040e+00,1.61991e+01,1.72438e+01,1.80958e+01,1.86146e+01
339,9.15041e+00,9.06052e+00,1.61882e+01,1.72328e+01,1.80846e+01,1.86034e+01
340,9.14047e+00,9.05059e+00,1.61773e+01,1.72217e+01,1.80734e+01,1.85921e+01
341,9.13050e+00,9.04063e+00,1.61663e+01,1.72106e+01,1.80622e+01,1.85808e+01
342,9.12050e+00,9.03064e+00,1.61553e+01,1.71994e+01,1.80509e+01,1.85694e+01
343,9.11046e+00,9.02062e+00,1.61442e+01,1.71882e+01,1.80396e+01,1.85580e+01
344,9.10040e+00,9.01056e+00,1.61332e+01,1.71770e+01,1.80282e+01,1.85466e+01
345,9.09031e+00,9.00049e+00,1.61221e+01,1.71658e+01,1.80169e+01,1.85351e+01
346,9.08019e+00,8.99038e+00,1.61109e+01,1.71545e+01,1.80055e+01,1.85236e+01
347,9.07005e+00,8.98026e+00,1.60998e+01,1.71432e+01,1.79940e+01,1.85121e+01
348,9.05989e+00,8.97011e+00,1.60886e+01,1.71318e+01,1.79826e+01,1.85006e+01
349,9.04971e+00,8.95994e+00,1.60774e+01,1.71205e+01,1.79711e+01,1.84890e+01
350,9.03951e+00,8.94975e+00,1.60662e+01,1.71091e+01,1.79596e+01,1.84775e+01
351,9.02929e+00,8.93955e+00,1.60550e+01,1.70977e+01,1.79481e+01,1.84659e+01
352,9.01906e+00,8.92934e+00,1.60437e+01,1.70863e+01,1.79365e+01,1.84543e+01
353,9.00882e+00,8.91911e+00,1.60325e+01,1.70749e+01,1.79250e+01,1.84426e+01
354,8.99858e+00,8.90887e+00,1.60212e+01,1.70635e+01,1.79134e+01,1.84310e+01
355,8.98832e+00,8.89863e+00,1.60099e+01,1.70521e+01,1.79019e+01,1.84194e+01
356,8.97805e+00,8.88838e+00,1.59986e+01,1.70406e+01,1.78903e+01,1.84077e+01
357,8.96779e+00,8.87812e+00,1.59873e+01,1.70292e+01,1.78787e+01,1.83961e+01
358,8.95752e+00,8.86786e+00,1.59760e+01,1.70177e+01,1.78672e+01,1.83844e+01
359,8.94725e+00,8.85761e+00,1.59647e+01,1.70063e+01,1.78556e+01,1.83727e+01
360,8.93698e+00,8.84735e+00,1.59534e+01,1.69948e+01,1.78440e+01,1.83611e+01
361,8.92671e+00,8.83710e+00,1.59422e+01,1.69834e+01,1.78324e+01,1.83494e+01
362,8.91645e+00,8.82686e+00,1.59309e+01,1.69719e+01,1.78209e+01,1.83378e+01
363,8.90620e+00,8.81662e+00,1.59196e+01,1.69605e+01,1.78093e+01,1.83262e+01
364,8.89596e+00,8.80639e+00,1.59083e+01,1.69491e+01,1.77978e+01,1.83145e+01
365,8.88573e+00,8.79617e+00,1.58971e+01,1.69377e+01,1.77862e+01,1.83029e+01
366,8.87552e+00,8.78597e+00,1.58859e+01,1.69263e+01,1.77747e+01,1.82913e+01
367,8.86532e+00,8.77578e+00,1.58746e+01,1.69149e+01,1.77632e+01,1.82798e+01
368,8.85513e+00,8.76561e+00,1.58634e+01,1.69036e+01,1.77518e+01,1.82682e+01
369,8.84497e+00,8.75546e+00,1.58523e+01,1.68923e+01,1.77403e+01,1.82567e+01
370,8.83482e+00,8.74533e+00,1.58411e+01,1.68810e+01,1.77289e+01,1.82452e+01
371,8.82471e+00,8.73522e+00,1.58300e+01,1.68697e+01,1.77175e+01,1.82337e+01
372,8.81461e+00,8.72514e+00,1.58189e+01,1.68584e+01,1.77061e+01,1.82222e+01
373,8.80454e+00,8.71509e+00,1.58078e+01,1.68472e+01,1.76947e+01,1.82108e+01
374,8.79450e+00,8.70506e+00,1.57968e+01,1.68360e+01,1.76834e+01,1.81994e+01
375,8.78450e+00,8.69506e+00,1.57858e+01,1.68249e+01,1.76721e+01,1.81881e+01
376,8.77452e+00,8.68510e+00,1.57748e+01,1.68137e+01,1.76609e+01,1.81767e+01
377,8.76458e+00,8.67517e+00,1.57639e+01,1.68027e+01,1.76497e+01,1.81655e+01
378,8.75467e+00,8.66528e+00,1.57530e+01,1.67916e+01,1.76385e+01,1.81542e+01
379,8.74481e+00,8.65543e+00,1.57421e+01,1.67806e+01,1.76274e+01,1.81430e+01
380,8.73498e+00,8.64561e+00,1.57313e+01,1.67697e+01,1.76163e+01,1.81319e+01
381,8.72519e+00,8.63584e+00,1.57206e+01,1.67588e+01,1.76053e+01,1.81208e+01
382,8.71545e+00,8.62611e+00,1.57099e+01,1.67479e+01,1.75943e+01,1.81097e+01
383,8.70576e+00,8.61643e+00,1.56992e+01,1.67371e+01,1.75834e+01,1.80987e+01
384,8.69611e+00,8.60679e+00,1.56886e+01,1.67264e+01,1.75725e+01,1.80878e+01
385,8.68651e+00,8.59720e+00,1.56780e+01,1.67157e+01,1.75617e+01,1.80769e+01
386,8.67696e+00,8.58766e+00,1.56675e+01,1.67050e+01,1.75510e+01,1.80661e+01
387,8.66746e+00,8.57818e+00,1.56571e+01,1.66944e+01,1.75403e+01,1.80553e+01
388,8.65802e+00,8.56875e+00,1.56467e+01,1.66839e+01,1.75296e+01,1.80446e+01
389,8.64863e+00,8.55937e+00,1.56364e+01,1.66735e+01,1.75190e+01,1.80339e+01
390,8.63931e+00,8.55006e+00,1.56262e+01,1.66631e+01,1.75085e+01,1.80233e+01
391,8.63004e+00,8.54080e+00,1.56160e+01,1.66527e+01,1.74981e+01,1.80128e+01
392,8.62083e+00,8.53160e+00,1.56058e+01,1.66425e+01,1.74877e+01,1.80024e+01
393,8.61168e+00,8.52247e+00,1.55958e+01,1.66323e+01,1.74774e+01,1.79920e+01
394,8.60260e+00,8.51340e+00,1.55858e+01,1.66222e+01,1.74672e+01,1.79817e+01
395,8.59358e+00,8.50439e+00,1.55759e+01,1.66121e+01,1.74570e+01,1.79715e+01
396,8.58463e+00,8.49545e+00,1.55661e+01,1.66022e+01,1.74469e+01,1.79613e+01
397,8.57575e+00,8.48658e+00,1.55563e+01,1.65923e+01,1.74369e+01,1.79513e+01
398,8.56694e+00,8.47779e+00,1.55466e+01,1.65824e+01,1.74270e+01,1.79413e+01
399,8.55820e+00,8.46906e+00,1.55370e+01,1.65727e+01,1.74172e+01,1.79313e+01
400,8.54954e+00,8.46041e+00,1.55275e+01,1.65631e+01,1.74074e+01,1.79215e+01
401,8.54095e+00,8.45183e+00,1.55180e+01,1.65535e+01,1.73977e+01,1.79118e+01
402,8.53244e+00,8.44332e+00,1.55087e+01,1.65440e+01,1.73881e+01,1.79021e+01
403,8.52400e+00,8.43490e+00,1.54994e+01,1.65346e+01,1.73786e+01,1.78926e+01
404,8.51564e+00,8.42655e+00,1.54902e+01,1.65253e+01,1.73692e+01,1.78831e+01
405,8.50737e+00,8.41829e+00,1.54811e+01,1.65161e+01,1.73599e+01,1.78737e+01
406,8.49917e+00,8.41010e+00,1.54721e+01,1.65069e+01,1.73507e+01,1.78644e+01
407,8.49106e+00,8.40200e+00,1.54632e+01,1.64979e+01,1.73415e+01,1.78552e+01
408,8.48304e+00,8.39399e+00,1.54544e+01,1.64890e+01,1.73325e+01,1.78461e+01
409,8.47509e+00,8.38605e+00,1.54457e+01,1.64801e+01,1.73235e+01,1.78371e+01
410,8.46724e+00,8.37821e+00,1.54370e+01,1.64714e+01,1.73147e+01,1.78282e+01
411,8.45948e+00,8.37045e+00,1.54285e+01,1.64627e+01,1.73059e+01,1.78194e+01
412,8.45180e+00,8.36279e+00,1.54201e+01,1.64542e+01,1.72973e+01,1.78107e+01
413,8.44421e+00,8.35521e+00,1.54117e+01,1.64457e+01,1.72888e+01,1.78021e+01
414,8.43672e+00,8.34773e+00,1.54035e+01,1.64374e+01,1.72803e+01,1.77936e+01
415,8.42932e+00,8.34034e+00,1.53953e+01,1.64291e+01,1.72720e+01,1.77852e+01
416,8.42201e+00,8.33304e+00,1.53873e+01,1.64210e+01,1.72638e+01,1.77769e+01
417,8.41480e+00,8.32584e+00,1.53794e+01,1.64130e+01,1.72556e+01,1.77687e+01
418,8.40768e+00,8.31873e+00,1.53716e+01,1.64050e+01,1.72476e+01,1.77606e+01
419,8.40067e+00,8.31172e+00,1.53639e+01,1.63972e+01,1.72397e+01,1.77527e+01
420,8.39374e+00,8.30481e+00,1.53563e+01,1.63895e+01,1.72319e+01,1.77448e+01
421,8.38692e+00,8.29799e+00,1.53488e+01,1.63819e+01,1.72242e+01,1.77371e+01
422,8.38020e+00,8.29128e+00,1.53414e+01,1.63744e+01,1.72167e+01,1.77295e+01
423,8.37358e+00,8.28467e+00,1.53341e+01,1.63670e+01,1.72092e+01,1.77220e+01
424,8.36706e+00,8.27816e+00,1.53269e+01,1.63598e+01,1.72019e+01,1.77146e+01
425,8.36064e+00,8.27175e+00,1.53199e+01,1.63526e+01,1.71946e+01,1.77073e+01
426,8.35433e+00,8.26544e+00,1.53129e+01,1.63456e+01,1.71875e+01,1.77002e+01
427,8.34812e+00,8.25924e+00,1.53061e+01,1.63387e+01,1.71805e+01,1.76931e+01
428,8.34201e+00,8.25314e+00,1.52994e+01,1.63319e+01,1.71737e+01,1.76862e+01
429,8.33601e+00,8.24715e+00,1.52928e+01,1.63252e+01,1.71669e+01,1.76794e+01
430,8.33012e+00,8.24126e+00,1.52863e+01,1.63186e+01,1.71603e+01,1.76727e+01
431,8.32433e+00,8.23548e+00,1.52800e+01,1.63122e+01,1.71537e+01,1.76661e+01
432,8.31865e+00,8.22981e+00,1.52737e+01,1.63059e+01,1.71473e+01,1.76597e+01
433,8.31308e+00,8.22424e+00,1.52676e+01,1.62997e+01,1.71411e+01,1.76534e+01
434,8.30761e+00,8.21878e+00,1.52616e+01,1.62936e+01,1.71349e+01,1.76472e+01
435,8.30226e+00,8.21343e+00,1.52557e+01,1.62876e+01,1.71289e+01,1.76411e+01
436,8.29701e+00,8.20819e+00,1.52500e+01,1.62818e+01,1.71230e+01,1.76352e+01
437,8.29187e+00,8.20306e+00,1.52443e+01,1.62760e+01,1.71172e+01,1.76293e+01
438,8.28685e+00,8.19804e+00,1.52388e+01,1.62704e+01,1.71115e+01,1.76237e+01
439,8.28193e+00,8.19313e+00,1.52334e+01,1.62650e+01,1.71060e+01,1.76181e+01
440,8.27713e+00,8.18834e+00,1.52281e+01,1.62596e+01,1.71006e+01,1.76126e+01
441,8.27243e+00,8.18365e+00,1.52230e+01,1.62544e+01,1.70953e+01,1.76073e+01
442,8.26785e+00,8.17907e+00,1.52179e+01,1.62493e+01,1.70901e+01,1.76021e+01
443,8.26338e+00,8.17460e+00,1.52130e+01,1.62443e+01,1.70851e+01,1.75970e+01
444,8.25902e+00,8.17025e+00,1.52082e+01,1.62395e+01,1.70802e+01,1.75921e+01
445,8.25477e+00,8.16601e+00,1.52035e+01,1.62347e+01,1.70754e+01,1.75873e+01
446,8.25064e+00,8.16188e+00,1.51990e+01,1.62301e+01,1.70708e+01,1.75826e+01
447,8.24661e+00,8.15786e+00,1.51946e+01,1.62256e+01,1.70662e+01,1.75780e+01
448,8.24270e+00,8.15395e+00,1.51903e+01,1.62213e+01,1.70618e+01,1.75736e+01
449,8.23890e+00,8.15016e+00,1.51861e+01,1.62171e+01,1.70576e+01,1.75693e+01
450,8.23522e+00,8.14648e+00,1.51821e+01,1.62130e+01,1.70534e+01,1.75651e+01
451,8.23164e+00,8.14291e+00,1.51781e+01,1.62090e+01,1.70494e+01,1.75611e+01
452,8.22818e+00,8.13945e+00,1.51743e+01,1.62051e+01,1.70455e+01,1.75572e+01
453,8.22483e+00,8.13610e+00,1.51707e+01,1.62014e+01,1.70417e+01,1.75534e+01
454,8.22159e+00,8.13287e+00,1.51671e+01,1.61978e+01,1.70381e+01,1.75497e+01
455,8.21846e+00,8.12975e+00,1.51637e+01,1.61943e+01,1.70345e+01,1.75461e+01
456,8.21545e+00,8.12674e+00,1.51604e+01,1.61909e+01,1.70311e+01,1.75427e+01
457,8.21254e+00,8.12383e+00,1.51572e+01,1.61877e+01,1.70279e+01,1.75394e+01
458,8.20975e+00,8.12105e+00,1.51541e+01,1.61846e+01,1.70247e+01,1.75363e+01
459,8.20707e+00,8.11837e+00,1.51511e+01,1.61816e+01,1.70217e+01,1.75332e+01
460,8.20450e+00,8.11580e+00,1.51483e+01,1.61788e+01,1.70188e+01,1.75303e+01
461,8.20203e+00,8.11334e+00,1.51456e+01,1.61760e+01,1.70160e+01,1.75275e+01
462,8.19968e+00,8.11099e+00,1.51430e+01,1.61734e+01,1.70134e+01,1.75249e+01
463,8.19744e+00,8.10875e+00,1.51406e+01,1.61709e+01,1.70109e+01,1.75223e+01
464,8.19530e+00,8.10661e+00,1.51382e+01,1.61685e+01,1.70085e+01,1.75199e+01
465,8.19327e+00,8.10459e+00,1.51360e+01,1.61663e+01,1.70062e+01,1.75176e+01
466,8.19135e+00,8.10267e+00,1.51339e+01,1.61641e+01,1.70040e+01,1.75154e+01
467,8.18954e+00,8.10086e+00,1.51319e+01,1.61621e+01,1.70020e+01,1.75134e+01
468,8.18783e+00,8.09915e+00,1.51300e+01,1.61602e+01,1.70001e+01,1.75114e+01
469,8.18623e+00,8.09755e+00,1.51283e+01,1.61584e+01,1.69983e+01,1.75096e+01
470,8.18473e+00,8.09606e+00,1.51266e+01,1.61568e+01,1.69966e+01,1.75079e+01
471,8.18334e+00,8.09467e+00,1.51251e+01,1.61552e+01,1.69950e+01,1.75063e+01
472,8.18205e+00,8.09338e+00,1.51237e+01,1.61538e+01,1.69936e+01,1.75049e+01
473,8.18086e+00,8.09219e+00,1.51224e+01,1.61524e+01,1.69922e+01,1.75035e+01
474,8.17978e+00,8.09111e+00,1.51212e+01,1.61512e+01,1.69910e+01,1.75023e+01
475,8.17880e+00,8.09013e+00,1.51201e+01,1.61501e+01,1.69899e+01,1.75012e+01
476,8.17791e+00,8.08925e+00,1.51191e+01,1.61492e+01,1.69889e+01,1.75002e+01
477,8.17713e+00,8.08846e+00,1.51183e+01,1.61483e+01,1.69880e+01,1.74993e+01
478,8.17644e+00,8.08778e+00,1.51175e+01,1.61475e+01,1.69873e+01,1.74985e+01
479,8.17585e+00,8.08719e+00,1.51169e+01,1.61469e+01,1.69866e+01,1.74979e+01
480,8.17536e+00,8.08670e+00,1.51163e+01,1.61463e+01,1.69860e+01,1.74973e+01
481,8.17496e+00,8.08630e+00,1.51159e+01,1.61459e+01,1.69856e+01,1.74969e+01
482,8.17466e+00,8.08600e+00,1.51156e+01,1.61456e+01,1.69853e+01,1.74965e+01
483,8.17445e+00,8.08579e+00,1.51153e+01,1.61453e+01,1.69850e+01,1.74963e+01
484,8.17433e+00,8.08567e+00,1.51152e+01,1.61452e+01,1.69849e+01,1.74962e+01
485,8.17431e+00,8.08565e+00,1.51152e+01,1.61452e+01,1.69849e+01,1.74961e+01
486,8.17437e+00,8.08571e+00,1.51153e+01,1.61452e+01,1.69849e+01,1.74962e+01
487,8.17452e+00,8.08586e+00,1.51154e+01,1.61454e+01,1.69851e+01,1.74964e+01
488,8.17476e+00,8.08610e+00,1.51157e+01,1.61457e+01,1.69854e+01,1.74966e+01
489,8.17509e+00,8.08643e+00,1.51160e+01,1.61460e+01,1.69857e+01,1.74970e+01
490,8.17550e+00,8.08684e+00,1.51165e+01,1.61465e+01,1.69862e+01,1.74975e+01
491,8.17599e+00,8.08733e+00,1.51170e+01,1.61470e+01,1.69868e+01,1.74980e+01
492,8.17657e+00,8.08790e+00,1.51177e+01,1.61477e+01,1.69874e+01,1.74987e+01
493,8.17723e+00,8.08856e+00,1.51184e+01,1.61484e+01,1.69882e+01,1.74994e+01
494,8.17797e+00,8.08930e+00,1.51192e+01,1.61492e+01,1.69890e+01,1.75003e+01
495,8.17878e+00,8.09011e+00,1.51201e+01,1.61502e+01,1.69899e+01,1.75012e+01
496,8.17967e+00,8.09100e+00,1.51211e+01,1.61512e+01,1.69909e+01,1.75022e+01
497,8.18064e+00,8.09197e+00,1.51222e+01,1.61522e+01,1.69920e+01,1.75033e+01
498,8.18168e+00,8.09301e+00,1.51233e+01,1.61534e+01,1.69932e+01,1.75045e+01
499,8.18279e+00,8.09412e+00,1.51245e+01,1.61546e+01,1.69944e+01,1.75058e+01
500,8.18398e+00,8.09530e+00,1.51258e+01,1.61560e+01,1.69958e+01,1.75071e+01
