# Radius per segment (in mm): 40.0, 60.0, 40.0, 40.0, 40.0
Timestep,Temp_Node_1,Temp_Node_2,Temp_Node_3,Temp_Node_4,Temp_Node_5,Temp_Node_6
0,2.00000e+01,2.00000e+01,2.00000e+01,2.00000e+01,2.00000e+01,2.00000e+01
1,1.69311e+01,1.67809e+01,1.71651e+01,1.80693e+01,1.92792e+01,1.99841e+01
2,1.69159e+01,1.67657e+01,1.71498e+01,1.80538e+01,1.92635e+01,1.99682e+01
3,1.69007e+01,1.67505e+01,1.71345e+01,1.80383e+01,1.92478e+01,1.99524e+01
4,1.68854e+01,1.67353e+01,1.71193e+01,1.80229e+01,1.92321e+01,1.99365e+01
5,1.68702e+01,1.67202e+01,1.71040e+01,1.80074e+01,1.92164e+01,1.99207e+01
6,1.68551e+01,1.67050e+01,1.70888e+01,1.79920e+01,1.92007e+01,1.99048e+01
7,1.68399e+01,1.66899e+01,1.70735e+01,1.79766e+01,1.91850e+01,1.98890e+01
8,1.68247e+01,1.66747e+01,1.70583e+01,1.79612e+01,1.91694e+01,1.98732e+01
9,1.68096e+01,1.66596e+01,1.70432e+01,1.79458e+01,1.91538e+01,1.98575e+01
10,1.67945e+01,1.66446e+01,1.70280e+01,1.79305e+01,1.91382e+01,1.98417e+01
11,1.67794e+01,1.66295e+01,1.70129e+01,1.79152e+01,1.91226e+01,1.98260e+01
12,1.67643e+01,1.66145e+01,1.69978e+01,1.78999e+01,1.91070e+01,1.98103e+01
13,1.67493e+01,1.65995e+01,1.69827e+01,1.78846e+01,1.90915e+01,1.97946e+01
14,1.67343e+01,1.65845e+01,1.69676e+01,1.78694e+01,1.90760e+01,1.97790e+01
15,1.67194e+01,1.65696e+01,1.69526e+01,1.78542e+01,1.90606e+01,1.97634e+01
16,1.67044e+01,1.65547e+01,1.69377e+01,1.78390e+01,1.90452e+01,1.97479e+01
17,1.66895e+01,1.65398e+01,1.69227e+01,1.78239e+01,1.90298e+01,1.97323e+01
18,1.66747e+01,1.65250e+01,1.69078e+01,1.78088e+01,1.90145e+01,1.97169e+01
19,1.66599e+01,1.65102e+01,1.68930e+01,1.77938e+01,1.89992e+01,1.97014e+01
20,1.66451e+01,1.64955e+01,1.68782e+01,1.77788e+01,1.89840e+01,1.96861e+01
21,1.66304e+01,1.64808e+01,1.68634e+01,1.77638e+01,1.89688e+01,1.96707e+01
22,1.66157e+01,1.64662e+01,1.68487e+01,1.77489e+01,1.89536e+01,1.96554e+01
23,1.66011e+01,1.64516e+01,1.68340e+01,1.77341e+01,1.89385e+01,1.96402e+01
24,1.65865e+01,1.64371e+01,1.68194e+01,1.77193e+01,1.89235e+01,1.96250e+01
25,1.65720e+01,1.64226e+01,1.68048e+01,1.77045e+01,1.89085e+01,1.96099e+01
26,1.65576e+01,1.64081e+01,1.67903e+01,1.76899e+01,1.88936e+01,1.95948e+01
27,1.65432e+01,1.63938e+01,1.67759e+01,1.76752e+01,1.88787e+01,1.95798e+01
28,1.65288e+01,1.63795e+01,1.67615e+01,1.76607e+01,1.88639e+01,1.95649e+01
29,1.65145e+01,1.63652e+01,1.67472e+01,1.76461e+01,1.88491e+01,1.95500e+01
30,1.65003e+01,1.63510e+01,1.67329e+01,1.76317e+01,1.88345e+01,1.95352e+01
31,1.64862e+01,1.63369e+01,1.67187e+01,1.76173e+01,1.88199e+01,1.95204e+01
32,1.64721e+01,1.63228e+01,1.67045e+01,1.76030e+01,1.88053e+01,1.95057e+01
33,1.64580e+01,1.63088e+01,1.66905e+01,1.75888e+01,1.87908e+01,1.94911e+01
34,1.64441e+01,1.62949e+01,1.66765e+01,1.75746e+01,1.87764e+01,1.94766e+01
35,1.64302e+01,1.62811e+01,1.66626e+01,1.75605e+01,1.87621e+01,1.94621e+01
36,1.64164e+01,1.62673e+01,1.66487e+01,1.75465e+01,1.87479e+01,1.94477e+01
37,1.64027e+01,1.62536e+01,1.66349e+01,1.75325e+01,1.87337e+01,1.94334e+01
38,1.63890e+01,1.62399e+01,1.66212e+01,1.75187e+01,1.87196e+01,1.94192e+01
39,1.63755e+01,1.62264e+01,1.66076e+01,1.75049e+01,1.87056e+01,1.94051e+01
40,1.63620e+01,1.62129e+01,1.65941e+01,1.74912e+01,1.86916e+01,1.93910e+01
41,1.63485e+01,1.61995e+01,1.65806e+01,1.74776e+01,1.86778e+01,1.93770e+01
42,1.63352e+01,1.61862e+01,1.65673e+01,1.74640e+01,1.86640e+01,1.93631e+01
43,1.63220e+01,1.61730e+01,1.65540e+01,1.74506e+01,1.86504e+01,1.93493e+01
44,1.63088e+01,1.61599e+01,1.65408e+01,1.74372e+01,1.86368e+01,1.93356e+01
45,1.62957e+01,1.61469e+01,1.65277e+01,1.74239e+01,1.86233e+01,1.93220e+01
46,1.62828e+01,1.61339e+01,1.65146e+01,1.74108e+01,1.86099e+01,1.93085e+01
47,1.62699e+01,1.61210e+01,1.65017e+01,1.73977e+01,1.85966e+01,1.92950e+01
48,1.62571e+01,1.61083e+01,1.64889e+01,1.73847e+01,1.85834e+01,1.92817e+01
49,1.62444e+01,1.60956e+01,1.64761e+01,1.73718e+01,1.85703e+01,1.92685e+01
50,1.62318e+01,1.60830e+01,1.64635e+01,1.73590e+01,1.85573e+01,1.92553e+01
51,1.62193e+01,1.60705e+01,1.64509e+01,1.73463e+01,1.85443e+01,1.92423e+01
52,1.62068e+01,1.60581e+01,1.64385e+01,1.73336e+01,1.85315e+01,1.92294e+01
53,1.61945e+01,1.60458e+01,1.64261e+01,1.73211e+01,1.85188e+01,1.92165e+01
54,1.61823e+01,1.60336e+01,1.64139e+01,1.73087e+01,1.85062e+01,1.92038e+01
55,1.61702e+01,1.60216e+01,1.64017e+01,1.72964e+01,1.84937e+01,1.91912e+01
56,1.61582e+01,1.60096e+01,1.63897e+01,1.72842e+01,1.84813e+01,1.91787e+01
57,1.61463e+01,1.59977e+01,1.63777e+01,1.72721e+01,1.84690e+01,1.91663e+01
58,1.61345e+01,1.59859e+01,1.63659e+01,1.72602e+01,1.84568e+01,1.91540e+01
59,1.61228e+01,1.59742e+01,1.63541e+01,1.72483e+01,1.84448e+01,1.91418e+01
60,1.61112e+01,1.59627e+01,1.63425e+01,1.72365e+01,1.84328e+01,1.91297e+01
61,1.60997e+01,1.59512e+01,1.63310e+01,1.72249e+01,1.84210e+01,1.91178e+01
62,1.60883e+01,1.59399e+01,1.63196e+01,1.72133e+01,1.84092e+01,1.91059e+01
63,1.60771e+01,1.59286e+01,1.63083e+01,1.72019e+01,1.83976e+01,1.90942e+01
64,1.60659e+01,1.59175e+01,1.62971e+01,1.71905e+01,1.83861e+01,1.90826e+01
65,1.60549e+01,1.59065e+01,1.62860e+01,1.71793e+01,1.83747e+01,1.90711e+01
66,1.60440e+01,1.58956e+01,1.62751e+01,1.71682e+01,1.83634e+01,1.90597e+01
67,1.60332e+01,1.58848e+01,1.62642e+01,1.71573e+01,1.83523e+01,1.90484e+01
68,1.60225e+01,1.58741e+01,1.62535e+01,1.71464e+01,1.83412e+01,1.90373e+01
69,1.60119e+01,1.58636e+01,1.62429e+01,1.71357e+01,1.83303e+01,1.90262e+01
70,1.60014e+01,1.58531e+01,1.62324e+01,1.71250e+01,1.83195e+01,1.90153e+01
71,1.59911e+01,1.58428e+01,1.62220e+01,1.71145e+01,1.83088e+01,1.90046e+01
72,1.59808e+01,1.58326e+01,1.62117e+01,1.71041e+01,1.82983e+01,1.89939e+01
73,1.59707e+01,1.58225e+01,1.62016e+01,1.70939e+01,1.82878e+01,1.89834e+01
74,1.59607e+01,1.58125e+01,1.61916e+01,1.70837e+01,1.82775e+01,1.89730e+01
75,1.59509e+01,1.58027e+01,1.61817e+01,1.70737e+01,1.82673e+01,1.89627e+01
76,1.59411e+01,1.57929e+01,1.61719e+01,1.70638e+01,1.82572e+01,1.89525e+01
77,1.59315e+01,1.57833e+01,1.61622e+01,1.70540e+01,1.82473e+01,1.89425e+01
78,1.59220e+01,1.57738e+01,1.61527e+01,1.70443e+01,1.82375e+01,1.89326e+01
79,1.59126e+01,1.57645e+01,1.61433e+01,1.70348e+01,1.82278e+01,1.89228e+01
80,1.59033e+01,1.57552e+01,1.61340e+01,1.70254e+01,1.82182e+01,1.89131e+01
81,1.58941e+01,1.57461e+01,1.61248e+01,1.70161e+01,1.82088e+01,1.89036e+01
82,1.58851e+01,1.57371e+01,1.61157e+01,1.70069e+01,1.81995e+01,1.88942e+01
83,1.58762e+01,1.57282e+01,1.61068e+01,1.69979e+01,1.81903e+01,1.88849e+01
84,1.58674e+01,1.57194e+01,1.60980e+01,1.69890e+01,1.81812e+01,1.88758e+01
85,1.58588e+01,1.57108e+01,1.60893e+01,1.69802e+01,1.81723e+01,1.88667e+01
86,1.58502e+01,1.57023e+01,1.60807e+01,1.69715e+01,1.81635e+01,1.88579e+01
87,1.58418e+01,1.56939e+01,1.60723e+01,1.69630e+01,1.81548e+01,1.88491e+01
88,1.58335e+01,1.56856e+01,1.60640e+01,1.69545e+01,1.81462e+01,1.88405e+01
89,1.58254e+01,1.56774e+01,1.60558e+01,1.69462e+01,1.81378e+01,1.88319e+01
90,1.58173e+01,1.56694e+01,1.60477e+01,1.69381e+01,1.81295e+01,1.88236e+01
91,1.58094e+01,1.56615e+01,1.60398e+01,1.69300e+01,1.81213e+01,1.88153e+01
92,1.58016e+01,1.56537e+01,1.60319e+01,1.69221e+01,1.81133e+01,1.88072e+01
93,1.57939e+01,1.56461e+01,1.60242e+01,1.69143e+01,1.81054e+01,1.87992e+01
94,1.57864e+01,1.56385e+01,1.60167e+01,1.69067e+01,1.80976e+01,1.87913e+01
95,1.57790e+01,1.56311e+01,1.60092e+01,1.68991e+01,1.80899e+01,1.87836e+01
96,1.57716e+01,1.56238e+01,1.60019e+01,1.68917e+01,1.80824e+01,1.87760e+01
97,1.57645e+01,1.56167e+01,1.59947e+01,1.68844e+01,1.80749e+01,1.87685e+01
98,1.57574e+01,1.56096e+01,1.59876e+01,1.68772e+01,1.80677e+01,1.87611e+01
99,1.57505e+01,1.56027e+01,1.59806e+01,1.68702e+01,1.80605e+01,1.87539e+01
100,1.57436e+01,1.55959e+01,1.59738e+01,1.68632e+01,1.80535e+01,1.87468e+01
101,1.57369e+01,1.55892e+01,1.59671e+01,1.68564e+01,1.80465e+01,1.87398e+01
102,1.57304e+01,1.55826e+01,1.59605e+01,1.68498e+01,1.80397e+01,1.87330e+01
103,1.57239e+01,1.55762e+01,1.59540e+01,1.68432e+01,1.80331e+01,1.87263e+01
104,1.57176e+01,1.55699e+01,1.59476e+01,1.68368e+01,1.80265e+01,1.87197e+01
105,1.57113e+01,1.55637e+01,1.59414e+01,1.68305e+01,1.80201e+01,1.87132e+01
106,1.57052e+01,1.55576e+01,1.59353e+01,1.68243e+01,1.80138e+01,1.87068e+01
107,1.56993e+01,1.55516e+01,1.59293e+01,1.68182e+01,1.80077e+01,1.87006e+01
108,1.56934e+01,1.55457e+01,1.59234e+01,1.68122e+01,1.80016e+01,1.86945e+01
109,1.56876e+01,1.55400e+01,1.59176e+01,1.68064e+01,1.79957e+01,1.86885e+01
110,1.56820e+01,1.55344e+01,1.59120e+01,1.68007e+01,1.79898e+01,1.86826e+01
111,1.56765e+01,1.55289e+01,1.59064e+01,1.67951e+01,1.79842e+01,1.86769e+01
112,1.56711e+01,1.55235e+01,1.59010e+01,1.67896e+01,1.79786e+01,1.86712e+01
113,1.56658e+01,1.55182e+01,1.58957e+01,1.67842e+01,1.79731e+01,1.86657e+01
114,1.56606e+01,1.55130e+01,1.58905e+01,1.67789e+01,1.79678e+01,1.86603e+01
115,1.56555e+01,1.55080e+01,1.58854e+01,1.67738e+01,1.79625e+01,1.86550e+01
116,1.56506e+01,1.55030e+01,1.58804e+01,1.67688e+01,1.79574e+01,1.86499e+01
117,1.56457e+01,1.54982e+01,1.58756e+01,1.67638e+01,1.79524e+01,1.86448e+01
118,1.56410e+01,1.54934e+01,1.58708e+01,1.67590e+01,1.79475e+01,1.86399e+01
119,1.56364e+01,1.54888e+01,1.58662e+01,1.67543e+01,1.79427e+01,1.86351e+01
120,1.56318e+01,1.54843e+01,1.58616e+01,1.67497e+01,1.79381e+01,1.86304e+01
121,1.56274e+01,1.54799e+01,1.58572e+01,1.67452e+01,1.79335e+01,1.86257e+01
122,1.56231e+01,1.54756e+01,1.58529e+01,1.67408e+01,1.79291e+01,1.86213e+01
123,1.56189e+01,1.54714e+01,1.58486e+01,1.67366e+01,1.79247e+01,1.86169e+01
124,1.56148e+01,1.54673e+01,1.58445e+01,1.67324e+01,1.79205e+01,1.86126e+01
125,1.56108e+01,1.54633e+01,1.58405e+01,1.67283e+01,1.79163e+01,1.86084e+01
126,1.56069e+01,1.54594e+01,1.58366e+01,1.67243e+01,1.79123e+01,1.86043e+01
127,1.56030e+01,1.54556e+01,1.58327e+01,1.67205e+01,1.79084e+01,1.86004e+01
128,1.55993e+01,1.54519e+01,1.58290e+01,1.67167e+01,1.79045e+01,1.85965e+01
129,1.55957e+01,1.54482e+01,1.58254e+01,1.67130e+01,1.79008e+01,1.85927e+01
130,1.55922e+01,1.54447e+01,1.58218e+01,1.67094e+01,1.78971e+01,1.85890e+01
131,1.55887e+01,1.54413e+01,1.58184e+01,1.67060e+01,1.78936e+01,1.85855e+01
132,1.55854e+01,1.54380e+01,1.58150e+01,1.67026e+01,1.78901e+01,1.85820e+01
133,1.55821e+01,1.54347e+01,1.58118e+01,1.66993e+01,1.78868e+01,1.85786e+01
134,1.55790e+01,1.54316e+01,1.58086e+01,1.66960e+01,1.78835e+01,1.85753e+01
135,1.55759e+01,1.54285e+01,1.58055e+01,1.66929e+01,1.78804e+01,1.85721e+01
136,1.55729e+01,1.54255e+01,1.58025e+01,1.66899e+01,1.78773e+01,1.85690e+01
137,1.55700e+01,1.54226e+01,1.57996e+01,1.66869e+01,1.78743e+01,1.85660e+01
138,1.55672e+01,1.54198e+01,1.57968e+01,1.66841e+01,1.78713e+01,1.85630e+01
139,1.55644e+01,1.54170e+01,1.57940e+01,1.66813e+01,1.78685e+01,1.85602e+01
140,1.55618e+01,1.54144e+01,1.57913e+01,1.66786e+01,1.78658e+01,1.85574e+01
141,1.55592e+01,1.54118e+01,1.57887e+01,1.66759e+01,1.78631e+01,1.85547e+01
142,1.55567e+01,1.54093e+01,1.57862e+01,1.66734e+01,1.78605e+01,1.85521e+01
143,1.55542e+01,1.54069e+01,1.57838e+01,1.66709e+01,1.78580e+01,1.85495e+01
144,1.55519e+01,1.54045e+01,1.57814e+01,1.66685e+01,1.78555e+01,1.85471e+01
145,1.55496e+01,1.54022e+01,1.57791e+01,1.66662e+01,1.78532e+01,1.85447e+01
146,1.55473e+01,1.54000e+01,1.57769e+01,1.66639e+01,1.78509e+01,1.85423e+01
147,1.55452e+01,1.53978e+01,1.57747e+01,1.66617e+01,1.78486e+01,1.85401e+01
148,1.55431e+01,1.53957e+01,1.57726e+01,1.66596e+01,1.78465e+01,1.85379e+01
149,1.55411e+01,1.53937e+01,1.57706e+01,1.66575e+01,1.78444e+01,1.85358e+01
150,1.55391e+01,1.53917e+01,1.57686e+01,1.66555e+01,1.78424e+01,1.85337e+01
151,1.55372e+01,1.53898e+01,1.57667e+01,1.66536e+01,1.78404e+01,1.85318e+01
152,1.55353e+01,1.53880e+01,1.57648e+01,1.66517e+01,1.78385e+01,1.85298e+01
153,1.55335e+01,1.53862e+01,1.57630e+01,1.66499e+01,1.78366e+01,1.85280e+01
154,1.55318e+01,1.53845e+01,1.57613e+01,1.66481e+01,1.78348e+01,1.85261e+01
155,1.55301e+01,1.53828e+01,1.57596e+01,1.66464e+01,1.78331e+01,1.85244e+01
156,1.55285e+01,1.53811e+01,1.57579e+01,1.66447e+01,1.78314e+01,1.85227e+01
157,1.55269e+01,1.53796e+01,1.57563e+01,1.66431e+01,1.78297e+01,1.85210e+01
158,1.55253e+01,1.53780e+01,1.57548e+01,1.66416e+01,1.78282e+01,1.85194e+01
159,1.55238e+01,1.53765e+01,1.57533e+01,1.66400e+01,1.78266e+01,1.85178e+01
160,1.55224e+01,1.53751e+01,1.57518e+01,1.66385e+01,1.78251e+01,1.85163e+01
161,1.55209e+01,1.53736e+01,1.57504e+01,1.66371e+01,1.78236e+01,1.85149e+01
162,1.55196e+01,1.53723e+01,1.57490e+01,1.66357e+01,1.78222e+01,1.85134e+01
163,1.55182e+01,1.53709e+01,1.57477e+01,1.66343e+01,1.78208e+01,1.85120e+01
164,1.55169e+01,1.53696e+01,1.57463e+01,1.66330e+01,1.78195e+01,1.85106e+01
165,1.55156e+01,1.53683e+01,1.57451e+01,1.66317e+01,1.78182e+01,1.85093e+01
166,1.55144e+01,1.53671e+01,1.57438e+01,1.66304e+01,1.78169e+01,1.85080e+01
167,1.55132e+01,1.53659e+01,1.57426e+01,1.66292e+01,1.78156e+01,1.85067e+01
168,1.55120e+01,1.53647e+01,1.57414e+01,1.66280e+01,1.78144e+01,1.85055e+01
169,1.55108e+01,1.53635e+01,1.57402e+01,1.66268e+01,1.78132e+01,1.85043e+01
170,1.55097e+01,1.53624e+01,1.57391e+01,1.66256e+01,1.78120e+01,1.85031e+01
171,1.55085e+01,1.53612e+01,1.57379e+01,1.66245e+01,1.78108e+01,1.85019e+01
172,1.55074e+01,1.53601e+01,1.57368e+01,1.66234e+01,1.78097e+01,1.85008e+01
173,1.55063e+01,1.53590e+01,1.57357e+01,1.66223e+01,1.78085e+01,1.84996e+01
174,1.55052e+01,1.53580e+01,1.57346e+01,1.66212e+01,1.78074e+01,1.84985e+01
175,1.55042e+01,1.53569e+01,1.57336e+01,1.66201e+01,1.78063e+01,1.84974e+01
176,1.55031e+01,1.53558e+01,1.57325e+01,1.66190e+01,1.78052e+01,1.84963e+01
177,1.55020e+01,1.53548e+01,1.57314e+01,1.66179e+01,1.78041e+01,1.84952e+01
178,1.55010e+01,1.53537e+01,1.57304e+01,1.66168e+01,1.78030e+01,1.84941e+01
179,1.54999e+01,1.53527e+01,1.57293e+01,1.66158e+01,1.78020e+01,1.84930e+01
180,1.54989e+01,1.53516e+01,1.57283e+01,1.66147e+01,1.78009e+01,1.84919e+01
181,1.54978e+01,1.53506e+01,1.57272e+01,1.66136e+01,1.77998e+01,1.84908e+01
182,1.54968e+01,1.53495e+01,1.57262e+01,1.66126e+01,1.77987e+01,1.84897e+01
183,1.54957e+01,1.53485e+01,1.57251e+01,1.66115e+01,1.77976e+01,1.84886e+01
184,1.54947e+01,1.53474e+01,1.57240e+01,1.66104e+01,1.77965e+01,1.84875e+01
185,1.54936e+01,1.53463e+01,1.57229e+01,1.66093e+01,1.77954e+01,1.84864e+01
186,1.54925e+01,1.53453e+01,1.57219e+01,1.66082e+01,1.77943e+01,1.84852e+01
187,1.54914e+01,1.53442e+01,1.57207e+01,1.66071e+01,1.77931e+01,1.84841e+01
188,1.54903e+01,1.53430e+01,1.57196e+01,1.66060e+01,1.77920e+01,1.84829e+01
189,1.54891e+01,1.53419e+01,1.57185e+01,1.66048e+01,1.77908e+01,1.84817e+01
190,1.54880e+01,1.53407e+01,1.57173e+01,1.66036e+01,1.77896e+01,1.84805e+01
191,1.54868e+01,1.53396e+01,1.57161e+01,1.66024e+01,1.77884e+01,1.84793e+01
192,1.54856e+01,1.53384e+01,1.57149e+01,1.66012e+01,1.77871e+01,1.84780e+01
193,1.54844e+01,1.53371e+01,1.57137e+01,1.66000e+01,1.77859e+01,1.84767e+01
194,1.54831e+01,1.53359e+01,1.57124e+01,1.65987e+01,1.77846e+01,1.84754e+01
195,1.54818e+01,1.53346e+01,1.57111e+01,1.65974e+01,1.77832e+01,1.84741e+01
196,1.54805e+01,1.53333e+01,1.57098e+01,1.65960e+01,1.77819e+01,1.84727e+01
197,1.54791e+01,1.53319e+01,1.57084e+01,1.65946e+01,1.77805e+01,1.84713e+01
198,1.54777e+01,1.53305e+01,1.57070e+01,1.65932e+01,1.77790e+01,1.84698e+01
199,1.54763e+01,1.53291e+01,1.57056e+01,1.65917e+01,1.77775e+01,1.84683e+01
200,1.54748e+01,1.53276e+01,1.57041e+01,1.65902e+01,1.77760e+01,1.84668e+01
201,1.54733e+01,1.53261e+01,1.57026e+01,1.65887e+01,1.77744e+01,1.84652e+01
202,1.54717e+01,1.53245e+01,1.57010e+01,1.65871e+01,1.77728e+01,1.84636e+01
203,1.54701e+01,1.53229e+01,1.56994e+01,1.65855e+01,1.77712e+01,1.84619e+01
204,1.54684e+01,1.53212e+01,1.56977e+01,1.65838e+01,1.77694e+01,1.84602e+01
205,1.54667e+01,1.53195e+01,1.56960e+01,1.65820e+01,1.77677e+01,1.84584e+01
206,1.54650e+01,1.53178e+01,1.56942e+01,1.65802e+01,1.77659e+01,1.84565e+01
207,1.54631e+01,1.53159e+01,1.56924e+01,1.65784e+01,1.77640e+01,1.84546e+01
208,1.54613e+01,1.53141e+01,1.56905e+01,1.65765e+01,1.77620e+01,1.84527e+01
209,1.54593e+01,1.53121e+01,1.56886e+01,1.65745e+01,1.77600e+01,1.84507e+01
210,1.54573e+01,1.53101e+01,1.56866e+01,1.65725e+01,1.77580e+01,1.84486e+01
211,1.54553e+01,1.53081e+01,1.56845e+01,1.65704e+01,1.77559e+01,1.84464e+01
212,1.54531e+01,1.53060e+01,1.56824e+01,1.65683e+01,1.77537e+01,1.84442e+01
213,1.54510e+01,1.53038e+01,1.56802e+01,1.65660e+01,1.77514e+01,1.84419e+01
214,1.54487e+01,1.53015e+01,1.56779e+01,1.65637e+01,1.77491e+01,1.84396e+01
215,1.54464e+01,1.52992e+01,1.56756e+01,1.65614e+01,1.77467e+01,1.84372e+01
216,1.54440e+01,1.52968e+01,1.56732e+01,1.65590e+01,1.77442e+01,1.84347e+01
217,1.54415e+01,1.52944e+01,1.56707e+01,1.65564e+01,1.77417e+01,1.84321e+01
218,1.54390e+01,1.52918e+01,1.56682e+01,1.65539e+01,1.77390e+01,1.84295e+01
219,1.54364e+01,1.52892e+01,1.56655e+01,1.65512e+01,1.77363e+01,1.84267e+01
220,1.54337e+01,1.52865e+01,1.56628e+01,1.65485e+01,1.77336e+01,1.84239e+01
221,1.54309e+01,1.52838e+01,1.56600e+01,1.65457e+01,1.77307e+01,1.84210e+01
222,1.54280e+01,1.52809e+01,1.56572e+01,1.65428e+01,1.77277e+01,1.84181e+01
223,1.54251e+01,1.52780e+01,1.56542e+01,1.65398e+01,1.77247e+01,1.84150e+01
224,1.54221e+01,1.52750e+01,1.56512e+01,1.65367e+01,1.77216e+01,1.84119e+01
225,1.54190e+01,1.52719e+01,1.56481e+01,1.65336e+01,1.77184e+01,1.84086e+01
226,1.54158e+01,1.52687e+01,1.56449e+01,1.65303e+01,1.77151e+01,1.84053e+01
227,1.54125e+01,1.52654e+01,1.56416e+01,1.65270e+01,1.77117e+01,1.84019e+01
228,1.54091e+01,1.52620e+01,1.56382e+01,1.65236e+01,1.77082e+01,1.83984e+01
229,1.54057e+01,1.52586e+01,1.56347e+01,1.65200e+01,1.77047e+01,1.83948e+01
230,1.54021e+01,1.52550e+01,1.56312e+01,1.65164e+01,1.77010e+01,1.83911e+01
231,1.53985e+01,1.52514e+01,1.56275e+01,1.65127e+01,1.76972e+01,1.83873e+01
232,1.53947e+01,1.52477e+01,1.56238e+01,1.65089e+01,1.76934e+01,1.83834e+01
233,1.53909e+01,1.52438e+01,1.56199e+01,1.65050e+01,1.76894e+01,1.83794e+01
234,1.53869e+01,1.52399e+01,1.56160e+01,1.65010e+01,1.76853e+01,1.83753e+01
235,1.53829e+01,1.52359e+01,1.56119e+01,1.64969e+01,1.76812e+01,1.83711e+01
236,1.53788e+01,1.52318e+01,1.56078e+01,1.64927e+01,1.76769e+01,1.83668e+01
237,1.53745e+01,1.52275e+01,1.56035e+01,1.64884e+01,1.76725e+01,1.83624e+01
238,1.53702e+01,1.52232e+01,1.55992e+01,1.64840e+01,1.76681e+01,1.83578e+01
239,1.53658e+01,1.52188e+01,1.55947e+01,1.64795e+01,1.76635e+01,1.83532e+01
240,1.53612e+01,1.52142e+01,1.55901e+01,1.64749e+01,1.76588e+01,1.83485e+01
241,1.53566e+01,1.52096e+01,1.55855e+01,1.64702e+01,1.76540e+01,1.83436e+01
242,1.53518e+01,1.52048e+01,1.55807e+01,1.64653e+01,1.76491e+01,1.83387e+01
243,1.53469e+01,1.52000e+01,1.55758e+01,1.64604e+01,1.76441e+01,1.83336e+01
244,1.53420e+01,1.51950e+01,1.55708e+01,1.64554e+01,1.76389e+01,1.83284e+01
245,1.53369e+01,1.51900e+01,1.55657e+01,1.64502e+01,1.76337e+01,1.83231e+01
246,1.53317e+01,1.51848e+01,1.55605e+01,1.64449e+01,1.76283e+01,1.83177e+01
247,1.53264e+01,1.51795e+01,1.55552e+01,1.64395e+01,1.76229e+01,1.83122e+01
248,1.53210e+01,1.51741e+01,1.55498e+01,1.64340e+01,1.76173e+01,1.83066e+01
249,1.53154e+01,1.51686e+01,1.55442e+01,1.64284e+01,1.76116e+01,1.83008e+01
250,1.53098e+01,1.51629e+01,1.55386e+01,1.64227e+01,1.76057e+01,1.82949e+01
251,1.53041e+01,1.51572e+01,1.55328e+01,1.64169e+01,1.75998e+01,1.82889e+01
252,1.52982e+01,1.51513e+01,1.55269e+01,1.64109e+01,1.75938e+01,1.82828e+01
253,1.52922e+01,1.51454e+01,1.55209e+01,1.64048e+01,1.75876e+01,1.82766e+01
254,1.52861e+01,1.51393e+01,1.55148e+01,1.63986e+01,1.75813e+01,1.82702e+01
255,1.52799e+01,1.51331e+01,1.55086e+01,1.63923e+01,1.75749e+01,1.82638e+01
256,1.52736e+01,1.51268e+01,1.55022e+01,1.63859e+01,1.75683e+01,1.82572e+01
257,1.52671e+01,1.51203e+01,1.54957e+01,1.63793e+01,1.75617e+01,1.82505e+01
258,1.52605e+01,1.51138e+01,1.54892e+01,1.63727e+01,1.75549e+01,1.82436e+01
259,1.52539e+01,1.51071e+01,1.54825e+01,1.63659e+01,1.75480e+01,1.82367e+01
260,1.52471e+01,1.51003e+01,1.54756e+01,1.63590e+01,1.75410e+01,1.82296e+01
261,1.52401e+01,1.50934e+01,1.54687e+01,1.63520e+01,1.75338e+01,1.82224e+01
262,1.52331e+01,1.50864e+01,1.54616e+01,1.63448e+01,1.75266e+01,1.82150e+01
263,1.52259e+01,1.50792e+01,1.54544e+01,1.63375e+01,1.75192e+01,1.82076e+01
264,1.52187e+01,1.50720e+01,1.54471e+01,1.63301e+01,1.75117e+01,1.82000e+01
265,1.52113e+01,1.50646e+01,1.54397e+01,1.63226e+01,1.75040e+01,1.81923e+01
266,1.52037e+01,1.50571e+01,1.54322e+01,1.63150e+01,1.74963e+01,1.81845e+01
267,1.51961e+01,1.50495e+01,1.54245e+01,1.63072e+01,1.74884e+01,1.81765e+01
268,1.51883e+01,1.50417e+01,1.54167e+01,1.62994e+01,1.74804e+01,1.81684e+01
269,1.51805e+01,1.50338e+01,1.54088e+01,1.62914e+01,1.74723e+01,1.81602e+01
270,1.51725e+01,1.50259e+01,1.54008e+01,1.62832e+01,1.74640e+01,1.81519e+01
271,1.51643e+01,1.50178e+01,1.53927e+01,1.62750e+01,1.74556e+01,1.81434e+01
272,1.51561e+01,1.50095e+01,1.53844e+01,1.62666e+01,1.74471e+01,1.81348e+01
273,1.51477e+01,1.50012e+01,1.53760e+01,1.62581e+01,1.74385e+01,1.81261e+01
274,1.51393e+01,1.49927e+01,1.53675e+01,1.62495e+01,1.74298e+01,1.81173e+01
275,1.51307e+01,1.49842e+01,1.53589e+01,1.62408e+01,1.74209e+01,1.81084e+01
276,1.51220e+01,1.49755e+01,1.53501e+01,1.62320e+01,1.74119e+01,1.80993e+01
277,1.51131e+01,1.49666e+01,1.53413e+01,1.62230e+01,1.74028e+01,1.80901e+01
278,1.51042e+01,1.49577e+01,1.53323e+01,1.62139e+01,1.73935e+01,1.80808e+01
279,1.50951e+01,1.49487e+01,1.53232e+01,1.62047e+01,1.73842e+01,1.80713e+01
280,1.50859e+01,1.49395e+01,1.53140e+01,1.61953e+01,1.73747e+01,1.80617e+01
281,1.50766e+01,1.49302e+01,1.53046e+01,1.61859e+01,1.73651e+01,1.80520e+01
282,1.50672e+01,1.49208e+01,1.52952e+01,1.61763e+01,1.73554e+01,1.80422e+01
283,1.50576e+01,1.49113e+01,1.52856e+01,1.61666e+01,1.73455e+01,1.80323e+01
284,1.50480e+01,1.49016e+01,1.52759e+01,1.61568e+01,1.73356e+01,1.80222e+01
285,1.50382e+01,1.48919e+01,1.52661e+01,1.61469e+01,1.73255e+01,1.80121e+01
286,1.50283e+01,1.48820e+01,1.52562e+01,1.61369e+01,1.73153e+01,1.80018e+01
287,1.50183e+01,1.48720e+01,1.52462e+01,1.61267e+01,1.73050e+01,1.79914e+01
288,1.50082e+01,1.48619e+01,1.52360e+01,1.61164e+01,1.72945e+01,1.79808e+01
289,1.49980e+01,1.48517e+01,1.52258e+01,1.61061e+01,1.72840e+01,1.79702e+01
290,1.49876e+01,1.48414e+01,1.52154e+01,1.60956e+01,1.72733e+01,1.79594e+01
291,1.49772e+01,1.48310e+01,1.52049e+01,1.60850e+01,1.72625e+01,1.79485e+01
292,1.49666e+01,1.48205e+01,1.51943e+01,1.60742e+01,1.72516e+01,1.79375e+01
293,1.49560e+01,1.48098e+01,1.51836e+01,1.60634e+01,1.72406e+01,1.79264e+01
294,1.49452e+01,1.47990e+01,1.51728e+01,1.60525e+01,1.72295e+01,1.79152e+01
295,1.49343e+01,1.47882e+01,1.51619e+01,1.60414e+01,1.72183e+01,1.79038e+01
296,1.49233e+01,1.47772e+01,1.51508e+01,1.60302e+01,1.72069e+01,1.78924e+01
297,1.49122e+01,1.47661e+01,1.51397e+01,1.60190e+01,1.71955e+01,1.78808e+01
298,1.49010e+01,1.47549e+01,1.51285e+01,1.60076e+01,1.71839e+01,1.78692e+01
299,1.48897e+01,1.47437e+01,1.51171e+01,1.59961e+01,1.71722e+01,1.78574e+01
300,1.48783e+01,1.47323e+01,1.51057e+01,1.59845e+01,1.71605e+01,1.78455e+01
301,1.48668e+01,1.47208e+01,1.50941e+01,1.59728e+01,1.71486e+01,1.78335e+01
302,1.48551e+01,1.47092e+01,1.50825e+01,1.59610e+01,1.71366e+01,1.78214e+01
303,1.48434e+01,1.46975e+01,1.50707e+01,1.59491e+01,1.71245e+01,1.78092e+01
304,1.48316e+01,1.46857e+01,1.50589e+01,1.59371e+01,1.71123e+01,1.77969e+01
305,1.48197e+01,1.46738e+01,1.50469e+01,1.59250e+01,1.71000e+01,1.77845e+01
306,1.48077e+01,1.46618e+01,1.50349e+01,1.59129e+01,1.70876e+01,1.77720e+01
307,1.47956e+01,1.46498e+01,1.50227e+01,1.59006e+01,1.70752e+01,1.77594e+01
308,1.47834e+01,1.46376e+01,1.50105e+01,1.58882e+01,1.70626e+01,1.77467e+01
309,1.47711e+01,1.46253e+01,1.49982e+01,1.58757e+01,1.70499e+01,1.77339e+01
310,1.47587e+01,1.46130e+01,1.49858e+01,1.58631e+01,1.70371e+01,1.77210e+01
311,1.47463e+01,1.46005e+01,1.49733e+01,1.58505e+01,1.70243e+01,1.77081e+01
312,1.47337e+01,1.45880e+01,1.49607e+01,1.58377e+01,1.70113e+01,1.76950e+01
313,1.47211e+01,1.45754e+01,1.49480e+01,1.58249e+01,1.69983e+01,1.76818e+01
314,1.47084e+01,1.45627e+01,1.49352e+01,1.58120e+01,1.69852e+01,1.76686e+01
315,1.46956e+01,1.45499e+01,1.49224e+01,1.57990e+01,1.69719e+01,1.76552e+01
316,1.46827e+01,1.45371e+01,1.49095e+01,1.57859e+01,1.69586e+01,1.76418e+01
317,1.46697e+01,1.45241e+01,1.48964e+01,1.57727e+01,1.69453e+01,1.76283e+01
318,1.46567e+01,1.45111e+01,1.48834e+01,1.57595e+01,1.69318e+01,1.76147e+01
319,1.46435e+01,1.44980e+01,1.48702e+01,1.57462e+01,1.69183e+01,1.76011e+01
320,1.46303e+01,1.44848e+01,1.48570e+01,1.57328e+01,1.69047e+01,1.75873e+01
321,1.46171e+01,1.44716e+01,1.48436e+01,1.57193e+01,1.68910e+01,1.75735e+01
322,1.46037e+01,1.44583e+01,1.48303e+01,1.57057e+01,1.68772e+01,1.75596e+01
323,1.45903e+01,1.44449e+01,1.48168e+01,1.56921e+01,1.68634e+01,1.75456e+01
324,1.45768e+01,1.44314e+01,1.48033e+01,1.56784e+01,1.68494e+01,1.75316e+01
325,1.45633e+01,1.44179e+01,1.47897e+01,1.56647e+01,1.68355e+01,1.75175e+01
326,1.45496e+01,1.44043e+01,1.47760e+01,1.56508e+01,1.68214e+01,1.75033e+01
327,1.45360e+01,1.43907e+01,1.47623e+01,1.56370e+01,1.68073e+01,1.74891e+01
328,1.45222e+01,1.43769e+01,1.47485e+01,1.56230e+01,1.67931e+01,1.74748e+01
329,1.45084e+01,1.43632e+01,1.47347e+01,1.56090e+01,1.67789e+01,1.74604e+01
330,1.44946e+01,1.43493e+01,1.47208e+01,1.55949e+01,1.67646e+01,1.74460e+01
331,1.44807e+01,1.43355e+01,1.47068e+01,1.55808e+01,1.67502e+01,1.74315e+01
332,1.44667e+01,1.43215e+01,1.46928e+01,1.55666e+01,1.67358e+01,1.74169e+01
333,1.44527e+01,1.43075e+01,1.46787e+01,1.55524e+01,1.67214e+01,1.74023e+01
334,1.44386e+01,1.42935e+01,1.46646e+01,1.55381e+01,1.67069e+01,1.73877e+01
335,1.44245e+01,1.42794e+01,1.46505e+01,1.55238e+01,1.66923e+01,1.73730e+01
336,1.44103e+01,1.42653e+01,1.46362e+01,1.55094e+01,1.66777e+01,1.73583e+01
337,1.43961e+01,1.42511e+01,1.46220e+01,1.54950e+01,1.66630e+01,1.73435e+01
338,1.43819e+01,1.42369e+01,1.46077e+01,1.54805e+01,1.66483e+01,1.73286e+01
339,1.43676e+01,1.42226e+01,1.45934e+01,1.54660e+01,1.66336e+01,1.73137e+01
340,1.43532e+01,1.42083e+01,1.45790e+01,1.54514e+01,1.66188e+01,1.72988e+01
341,1.43389e+01,1.41940e+01,1.45646e+01,1.54368e+01,1.66040e+01,1.72839e+01
342,1.43245e+01,1.41796e+01,1.45501e+01,1.54222e+01,1.65891e+01,1.72689e+01
343,1.43100e+01,1.41652e+01,1.45357e+01,1.54076e+01,1.65742e+01,1.72539e+01
344,1.42956e+01,1.41508e+01,1.45211e+01,1.53929e+01,1.65593e+01,1.72388e+01
345,1.42811e+01,1.41363e+01,1.45066e+01,1.53782e+01,1.65444e+01,1.72237e+01
346,1.42666e+01,1.41218e+01,1.44920e+01,1.53634e+01,1.65294e+01,1.72086e+01
347,1.42520e+01,1.41073e+01,1.44775e+01,1.53487e+01,1.65144e+01,1.71935e+01
348,1.42375e+01,1.40928e+01,1.44628e+01,1.53339e+01,1.64994e+01,1.71783e+01
349,1.42229e+01,1.40782e+01,1.44482e+01,1.53191e+01,1.64843e+01,1.71631e+01
350,1.42083e+01,1.40636e+01,1.44336e+01,1.53042e+01,1.64693e+01,1.71479e+01
351,1.41937e+01,1.40490e+01,1.44189e+01,1.52894e+01,1.64542e+01,1.71327e+01
352,1.41790e+01,1.40344e+01,1.44042e+01,1.52746e+01,1.64391e+01,1.71175e+01
353,1.41644e+01,1.40198e+01,1.43895e+01,1.52597e+01,1.64240e+01,1.71022e+01
354,1.41497e+01,1.40052e+01,1.43748e+01,1.52448e+01,1.64089e+01,1.70870e+01
355,1.41351e+01,1.39906e+01,1.43601e+01,1.52299e+01,1.63937e+01,1.70717e+01
356,1.41204e+01,1.39759e+01,1.43454e+01,1.52150e+01,1.63786e+01,1.70564e+01
357,1.41057e+01,1.39613e+01,1.43307e+01,1.52002e+01,1.63635e+01,1.70412e+01
358,1.40911e+01,1.39467e+01,1.43160e+01,1.51853e+01,1.63484e+01,1.70259e+01
359,1.40764e+01,1.39320e+01,1.43013e+01,1.51704e+01,1.63332e+01,1.70106e+01
360,1.40617e+01,1.39174e+01,1.42866e+01,1.51555e+01,1.63181e+01,1.69954e+01
361,1.40471e+01,1.39028e+01,1.42719e+01,1.51406e+01,1.63030e+01,1.69801e+01
362,1.40324e+01,1.38882e+01,1.42572e+01,1.51257e+01,1.62879e+01,1.69649e+01
363,1.40178e+01,1.38735e+01,1.42425e+01,1.51109e+01,1.62728e+01,1.69496e+01
364,1.40032e+01,1.38589e+01,1.42278e+01,1.50960e+01,1.62577e+01,1.69344e+01
365,1.39886e+01,1.38444e+01,1.42132e+01,1.50812e+01,1.62426e+01,1.69192e+01
366,1.39740e+01,1.38298e+01,1.41985e+01,1.50664e+01,1.62276e+01,1.69040e+01
367,1.39594e+01,1.38152e+01,1.41839e+01,1.50516e+01,1.62125e+01,1.68888e+01
368,1.39448e+01,1.38007e+01,1.41693e+01,1.50368e+01,1.61975e+01,1.68737e+01
369,1.39303e+01,1.37862e+01,1.41547e+01,1.50220e+01,1.61825e+01,1.68585e+01
370,1.39158e+01,1.37717e+01,1.41402e+01,1.50073e+01,1.61675e+01,1.68434e+01
371,1.39013e+01,1.37573e+01,1.41256e+01,1.49926e+01,1.61526e+01,1.68283e+01
372,1.38868e+01,1.37428e+01,1.41111e+01,1.49779e+01,1.61377e+01,1.68133e+01
373,1.38724e+01,1.37284e+01,1.40967e+01,1.49633e+01,1.61228e+01,1.67983e+01
374,1.38580e+01,1.37141e+01,1.40822e+01,1.49486e+01,1.61080e+01,1.67833e+01
375,1.38437e+01,1.36997e+01,1.40678e+01,1.49341e+01,1.60931e+01,1.67684e+01
376,1.38293e+01,1.36854e+01,1.40534e+01,1.49195e+01,1.60784e+01,1.67534e+01
377,1.38150e+01,1.36712e+01,1.40391e+01,1.49050e+01,1.60636e+01,1.67386e+01
378,1.38008e+01,1.36570e+01,1.40248e+01,1.48906e+01,1.60490e+01,1.67238e+01
379,1.37866e+01,1.36428e+01,1.40106e+01,1.48762e+01,1.60343e+01,1.67090e+01
380,1.37725e+01,1.36287e+01,1.39964e+01,1.48618e+01,1.60197e+01,1.66942e+01
381,1.37583e+01,1.36146e+01,1.39822e+01,1.48475e+01,1.60052e+01,1.66796e+01
382,1.37443e+01,1.36006e+01,1.39681e+01,1.48332e+01,1.59907e+01,1.66649e+01
383,1.37303e+01,1.35866e+01,1.39541e+01,1.48190e+01,1.59762e+01,1.66503e+01
384,1.37163e+01,1.35727e+01,1.39401e+01,1.48048e+01,1.59618e+01,1.66358e+01
385,1.37024e+01,1.35588e+01,1.39261e+01,1.47907e+01,1.59475e+01,1.66214e+01
386,1.36886e+01,1.35450e+01,1.39123e+01,1.47766e+01,1.59332e+01,1.66069e+01
387,1.36748e+01,1.35312e+01,1.38984e+01,1.47626e+01,1.59190e+01,1.65926e+01
388,1.36611e+01,1.35175e+01,1.38847e+01,1.47487e+01,1.59048e+01,1.65783e+01
389,1.36474e+01,1.35039e+01,1.38710e+01,1.47348e+01,1.58907e+01,1.65641e+01
390,1.36338e+01,1.34903e+01,1.38573e+01,1.47210e+01,1.58767e+01,1.65499e+01
391,1.36203e+01,1.34768e+01,1.38437e+01,1.47073e+01,1.58628e+01,1.65359e+01
392,1.36068e+01,1.34634e+01,1.38302e+01,1.46936e+01,1.58489e+01,1.65218e+01
393,1.35934e+01,1.34500e+01,1.38168e+01,1.46800e+01,1.58351e+01,1.65079e+01
394,1.35801e+01,1.34367e+01,1.38034e+01,1.46665e+01,1.58213e+01,1.64940e+01
395,1.35668e+01,1.34235e+01,1.37901e+01,1.46531e+01,1.58077e+01,1.64802e+01
396,1.35537e+01,1.34103e+01,1.37769e+01,1.46397e+01,1.57941e+01,1.64665e+01
397,1.35406e+01,1.33973e+01,1.37638e+01,1.46264e+01,1.57806e+01,1.64529e+01
398,1.35275e+01,1.33843e+01,1.37507e+01,1.46132e+01,1.57671e+01,1.64393e+01
399,1.35146e+01,1.33713e+01,1.37377e+01,1.46000e+01,1.57538e+01,1.64259e+01
400,1.35017e+01,1.33585e+01,1.37248e+01,1.45870e+01,1.57405e+01,1.64125e+01
401,1.34890e+01,1.33458e+01,1.37120e+01,1.45740e+01,1.57273e+01,1.63992e+01
402,1.34763e+01,1.33331e+01,1.36993e+01,1.45611e+01,1.57142e+01,1.63860e+01
403,1.34637e+01,1.33205e+01,1.36866e+01,1.45483e+01,1.57012e+01,1.63729e+01
404,1.34511e+01,1.33080e+01,1.36741e+01,1.45356e+01,1.56883e+01,1.63598e+01
405,1.34387e+01,1.32956e+01,1.36616e+01,1.45230e+01,1.56755e+01,1.63469e+01
406,1.34264e+01,1.32833e+01,1.36492e+01,1.45104e+01,1.56628e+01,1.63340e+01
407,1.34141e+01,1.32711e+01,1.36369e+01,1.44980e+01,1.56501e+01,1.63213e+01
408,1.34020e+01,1.32589e+01,1.36247e+01,1.44857e+01,1.56376e+01,1.63086e+01
409,1.33899e+01,1.32469e+01,1.36126e+01,1.44734e+01,1.56252e+01,1.62961e+01
410,1.33779e+01,1.32349e+01,1.36006e+01,1.44613e+01,1.56128e+01,1.62836e+01
411,1.33661e+01,1.32231e+01,1.35887e+01,1.44492e+01,1.56006e+01,1.62713e+01
412,1.33543e+01,1.32114e+01,1.35769e+01,1.44373e+01,1.55885e+01,1.62590e+01
413,1.33426e+01,1.31997e+01,1.35652e+01,1.44254e+01,1.55764e+01,1.62469e+01
414,1.33310e+01,1.31882e+01,1.35536e+01,1.44137e+01,1.55645e+01,1.62349e+01
415,1.33196e+01,1.31767e+01,1.35421e+01,1.44021e+01,1.55527e+01,1.62229e+01
416,1.33082e+01,1.31654e+01,1.35307e+01,1.43905e+01,1.55409e+01,1.62111e+01
417,1.32970e+01,1.31541e+01,1.35194e+01,1.43791e+01,1.55293e+01,1.61994e+01
418,1.32858e+01,1.31430e+01,1.35082e+01,1.43678e+01,1.55178e+01,1.61878e+01
419,1.32748e+01,1.31320e+01,1.34972e+01,1.43566e+01,1.55064e+01,1.61763e+01
420,1.32638e+01,1.31211e+01,1.34862e+01,1.43455e+01,1.54952e+01,1.61649e+01
421,1.32530e+01,1.31103e+01,1.34753e+01,1.43345e+01,1.54840e+01,1.61536e+01
422,1.32423e+01,1.30996e+01,1.34646e+01,1.43236e+01,1.54729e+01,1.61425e+01
423,1.32317e+01,1.30890e+01,1.34539e+01,1.43128e+01,1.54620e+01,1.61314e+01
424,1.32212e+01,1.30785e+01,1.34434e+01,1.43022e+01,1.54512e+01,1.61205e+01
425,1.32108e+01,1.30681e+01,1.34330e+01,1.42916e+01,1.54405e+01,1.61097e+01
426,1.32005e+01,1.30579e+01,1.34227e+01,1.42812e+01,1.54299e+01,1.60990e+01
427,1.31904e+01,1.30478e+01,1.34125e+01,1.42709e+01,1.54194e+01,1.60885e+01
428,1.31803e+01,1.30377e+01,1.34024e+01,1.42607e+01,1.54091e+01,1.60780e+01
429,1.31704e+01,1.30278e+01,1.33925e+01,1.42506e+01,1.53988e+01,1.60677e+01
430,1.31606e+01,1.30180e+01,1.33826e+01,1.42407e+01,1.53887e+01,1.60575e+01
431,1.31509e+01,1.30084e+01,1.33729e+01,1.42308e+01,1.53787e+01,1.60474e+01
432,1.31413e+01,1.29988e+01,1.33633e+01,1.42211e+01,1.53689e+01,1.60374e+01
433,1.31319e+01,1.29894e+01,1.33538e+01,1.42115e+01,1.53591e+01,1.60276e+01
434,1.31225e+01,1.29801e+01,1.33445e+01,1.42020e+01,1.53495e+01,1.60179e+01
435,1.31133e+01,1.29709e+01,1.33352e+01,1.41927e+01,1.53400e+01,1.60083e+01
436,1.31042e+01,1.29618e+01,1.33261e+01,1.41835e+01,1.53306e+01,1.59988e+01
437,1.30953e+01,1.29528e+01,1.33171e+01,1.41743e+01,1.53213e+01,1.59895e+01
438,1.30864e+01,1.29440e+01,1.33082e+01,1.41654e+01,1.53122e+01,1.59803e+01
439,1.30777e+01,1.29353e+01,1.32994e+01,1.41565e+01,1.53032e+01,1.59712e+01
440,1.30691e+01,1.29267e+01,1.32908e+01,1.41477e+01,1.52943e+01,1.59622e+01
441,1.30606e+01,1.29182e+01,1.32823e+01,1.41391e+01,1.52856e+01,1.59534e+01
442,1.30522e+01,1.29099e+01,1.32739e+01,1.41306e+01,1.52769e+01,1.59447e+01
443,1.30440e+01,1.29016e+01,1.32656e+01,1.41223e+01,1.52684e+01,1.59361e+01
444,1.30358e+01,1.28935e+01,1.32575e+01,1.41140e+01,1.52601e+01,1.59277e+01
445,1.30278e+01,1.28856e+01,1.32495e+01,1.41059e+01,1.52518e+01,1.59193e+01
446,1.30200e+01,1.28777e+01,1.32416e+01,1.40979e+01,1.52437e+01,1.59112e+01
447,1.30122e+01,1.28700e+01,1.32338e+01,1.40900e+01,1.52357e+01,1.59031e+01
448,1.30046e+01,1.28623e+01,1.32261e+01,1.40823e+01,1.52278e+01,1.58952e+01
449,1.29971e+01,1.28548e+01,1.32186e+01,1.40747e+01,1.52201e+01,1.58873e+01
450,1.29897e+01,1.28475e+01,1.32112e+01,1.40672e+01,1.52125e+01,1.58797e+01
451,1.29824e+01,1.28402e+01,1.32039e+01,1.40598e+01,1.52050e+01,1.58721e+01
452,1.29753e+01,1.28331e+01,1.31968e+01,1.40526e+01,1.51976e+01,1.58647e+01
453,1.29683e+01,1.28261e+01,1.31897e+01,1.40455e+01,1.51904e+01,1.58574e+01
454,1.29614e+01,1.28192e+01,1.31828e+01,1.40385e+01,1.51833e+01,1.58502e+01
455,1.29546e+01,1.28125e+01,1.31760e+01,1.40316e+01,1.51763e+01,1.58432e+01
456,1.29480e+01,1.28058e+01,1.31694e+01,1.40248e+01,1.51695e+01,1.58363e+01
457,1.29415e+01,1.27993e+01,1.31628e+01,1.40182e+01,1.51628e+01,1.58295e+01
458,1.29350e+01,1.27929e+01,1.31564e+01,1.40117e+01,1.51562e+01,1.58228e+01
459,1.29288e+01,1.27867e+01,1.31501e+01,1.40053e+01,1.51497e+01,1.58163e+01
460,1.29226e+01,1.27805e+01,1.31439e+01,1.39991e+01,1.51433e+01,1.58099e+01
461,1.29166e+01,1.27745e+01,1.31378e+01,1.39930e+01,1.51371e+01,1.58036e+01
462,1.29106e+01,1.27686e+01,1.31319e+01,1.39870e+01,1.51310e+01,1.57974e+01
463,1.29048e+01,1.27628e+01,1.31261e+01,1.39811e+01,1.51250e+01,1.57914e+01
464,1.28992e+01,1.27571e+01,1.31204e+01,1.39753e+01,1.51192e+01,1.57855e+01
465,1.28936e+01,1.27516e+01,1.31148e+01,1.39697e+01,1.51134e+01,1.57797e+01
466,1.28882e+01,1.27461e+01,1.31093e+01,1.39641e+01,1.51078e+01,1.57740e+01
467,1.28828e+01,1.27408e+01,1.31040e+01,1.39587e+01,1.51023e+01,1.57685e+01
468,1.28776e+01,1.27356e+01,1.30988e+01,1.39534e+01,1.50969e+01,1.57631e+01
469,1.28725e+01,1.27305e+01,1.30937e+01,1.39483e+01,1.50917e+01,1.57578e+01
470,1.28675e+01,1.27256e+01,1.30887e+01,1.39432e+01,1.50865e+01,1.57526e+01
471,1.28627e+01,1.27207e+01,1.30838e+01,1.39383e+01,1.50815e+01,1.57475e+01
472,1.28579e+01,1.27160e+01,1.30790e+01,1.39334e+01,1.50766e+01,1.57426e+01
473,1.28533e+01,1.27113e+01,1.30744e+01,1.39287e+01,1.50718e+01,1.57377e+01
474,1.28488e+01,1.27068e+01,1.30698e+01,1.39241e+01,1.50672e+01,1.57330e+01
475,1.28443e+01,1.27024e+01,1.30654e+01,1.39196e+01,1.50626e+01,1.57284e+01
476,1.28400e+01,1.26981e+01,1.30611e+01,1.39153e+01,1.50582e+01,1.57239e+01
477,1.28358e+01,1.26939e+01,1.30569e+01,1.39110e+01,1.50539e+01,1.57196e+01
478,1.28317e+01,1.26898e+01,1.30528e+01,1.39069e+01,1.50496e+01,1.57153e+01
479,1.28278e+01,1.26859e+01,1.30488e+01,1.39028e+01,1.50455e+01,1.57112e+01
480,1.28239e+01,1.26820e+01,1.30449e+01,1.38989e+01,1.50415e+01,1.57071e+01
481,1.28201e+01,1.26782e+01,1.30411e+01,1.38950e+01,1.50376e+01,1.57032e+01
482,1.28164e+01,1.26746e+01,1.30374e+01,1.38913e+01,1.50339e+01,1.56994e+01
483,1.28129e+01,1.26710e+01,1.30338e+01,1.38877e+01,1.50302e+01,1.56957e+01
484,1.28094e+01,1.26675e+01,1.30303e+01,1.38842e+01,1.50266e+01,1.56921e+01
485,1.28060e+01,1.26642e+01,1.30270e+01,1.38808e+01,1.50231e+01,1.56886e+01
486,1.28028e+01,1.26609e+01,1.30237e+01,1.38774e+01,1.50198e+01,1.56852e+01
487,1.27996e+01,1.26578e+01,1.30205e+01,1.38742e+01,1.50165e+01,1.56819e+01
488,1.27965e+01,1.26547e+01,1.30174e+01,1.38711e+01,1.50133e+01,1.56787e+01
489,1.27935e+01,1.26517e+01,1.30144e+01,1.38681e+01,1.50102e+01,1.56756e+01
490,1.27906e+01,1.26488e+01,1.30115e+01,1.38651e+01,1.50073e+01,1.56726e+01
491,1.27878e+01,1.26460e+01,1.30087e+01,1.38623e+01,1.50044e+01,1.56697e+01
492,1.27851e+01,1.26433e+01,1.30060e+01,1.38596e+01,1.50016e+01,1.56668e+01
493,1.27825e+01,1.26407e+01,1.30034e+01,1.38569e+01,1.49989e+01,1.56641e+01
494,1.27800e+01,1.26382e+01,1.30009e+01,1.38543e+01,1.49963e+01,1.56615e+01
495,1.27775e+01,1.26358e+01,1.29984e+01,1.38519e+01,1.49938e+01,1.56589e+01
496,1.27752e+01,1.26334e+01,1.29960e+01,1.38495e+01,1.49913e+01,1.56565e+01
497,1.27729e+01,1.26311e+01,1.29937e+01,1.38472e+01,1.49890e+01,1.56541e+01
498,1.27707e+01,1.26289e+01,1.29915e+01,1.38449e+01,1.49867e+01,1.56518e+01
499,1.27686e+01,1.26268e+01,1.29894e+01,1.38428e+01,1.49845e+01,1.56496e+01
500,1.27666e+01,1.26248e+01,1.29874e+01,1.38407e+01,1.49824e+01,1.56475e+01
