# Radius per segment (in mm): 60.0, 50.0, 30.0, 20.0, 30.0
Timestep,Temp_Node_1,Temp_Node_2,Temp_Node_3,Temp_Node_4,Temp_Node_5,Temp_Node_6
0,2.00000e+01,2.00000e+01,2.00000e+01,2.00000e+01,2.00000e+01,2.00000e+01
1,1.26768e+01,1.25823e+01,1.30626e+01,1.46423e+01,1.89287e+01,1.99822e+01
2,1.26718e+01,1.25773e+01,1.30576e+01,1.46372e+01,1.89233e+01,1.99767e+01
3,1.26735e+01,1.25790e+01,1.30593e+01,1.46389e+01,1.89252e+01,1.99785e+01
4,1.26713e+01,1.25768e+01,1.30570e+01,1.46366e+01,1.89227e+01,1.99761e+01
5,1.26582e+01,1.25637e+01,1.30439e+01,1.46232e+01,1.89084e+01,1.99616e+01
6,1.26370e+01,1.25426e+01,1.30226e+01,1.46015e+01,1.88855e+01,1.99384e+01
7,1.26184e+01,1.25240e+01,1.30039e+01,1.45823e+01,1.88652e+01,1.99178e+01
8,1.26103e+01,1.25159e+01,1.29958e+01,1.45740e+01,1.88564e+01,1.99088e+01
9,1.26110e+01,1.25167e+01,1.29965e+01,1.45748e+01,1.88573e+01,1.99097e+01
10,1.26110e+01,1.25166e+01,1.29965e+01,1.45747e+01,1.88572e+01,1.99097e+01
11,1.26012e+01,1.25068e+01,1.29866e+01,1.45646e+01,1.88465e+01,1.98988e+01
12,1.25814e+01,1.24871e+01,1.29667e+01,1.45444e+01,1.88251e+01,1.98771e+01
13,1.25610e+01,1.24667e+01,1.29462e+01,1.45234e+01,1.88028e+01,1.98546e+01
14,1.25497e+01,1.24554e+01,1.29348e+01,1.45117e+01,1.87904e+01,1.98420e+01
15,1.25487e+01,1.24544e+01,1.29338e+01,1.45107e+01,1.87894e+01,1.98409e+01
16,1.25500e+01,1.24557e+01,1.29351e+01,1.45121e+01,1.87909e+01,1.98424e+01
17,1.25435e+01,1.24492e+01,1.29286e+01,1.45053e+01,1.87837e+01,1.98351e+01
18,1.25259e+01,1.24316e+01,1.29109e+01,1.44873e+01,1.87646e+01,1.98158e+01
19,1.25045e+01,1.24103e+01,1.28894e+01,1.44653e+01,1.87414e+01,1.97923e+01
20,1.24900e+01,1.23957e+01,1.28748e+01,1.44504e+01,1.87256e+01,1.97762e+01
21,1.24866e+01,1.23924e+01,1.28714e+01,1.44469e+01,1.87219e+01,1.97725e+01
22,1.24884e+01,1.23942e+01,1.28732e+01,1.44488e+01,1.87239e+01,1.97745e+01
23,1.24849e+01,1.23907e+01,1.28697e+01,1.44451e+01,1.87200e+01,1.97706e+01
24,1.24701e+01,1.23759e+01,1.28548e+01,1.44300e+01,1.87040e+01,1.97543e+01
25,1.24488e+01,1.23546e+01,1.28333e+01,1.44080e+01,1.86807e+01,1.97308e+01
26,1.24314e+01,1.23373e+01,1.28159e+01,1.43902e+01,1.86619e+01,1.97117e+01
27,1.24251e+01,1.23309e+01,1.28095e+01,1.43837e+01,1.86550e+01,1.97046e+01
28,1.24265e+01,1.23323e+01,1.28110e+01,1.43852e+01,1.86565e+01,1.97063e+01
29,1.24255e+01,1.23313e+01,1.28099e+01,1.43841e+01,1.86554e+01,1.97051e+01
30,1.24140e+01,1.23198e+01,1.27983e+01,1.43722e+01,1.86428e+01,1.96923e+01
31,1.23934e+01,1.22993e+01,1.27777e+01,1.43512e+01,1.86206e+01,1.96698e+01
32,1.23739e+01,1.22798e+01,1.27581e+01,1.43311e+01,1.85993e+01,1.96483e+01
33,1.23644e+01,1.22703e+01,1.27485e+01,1.43213e+01,1.85889e+01,1.96377e+01
34,1.23644e+01,1.22704e+01,1.27486e+01,1.43214e+01,1.85890e+01,1.96378e+01
35,1.23652e+01,1.22712e+01,1.27494e+01,1.43222e+01,1.85899e+01,1.96387e+01
36,1.23570e+01,1.22630e+01,1.27411e+01,1.43138e+01,1.85809e+01,1.96296e+01
37,1.23383e+01,1.22442e+01,1.27223e+01,1.42945e+01,1.85606e+01,1.96090e+01
38,1.23174e+01,1.22234e+01,1.27012e+01,1.42730e+01,1.85378e+01,1.95859e+01
39,1.23046e+01,1.22106e+01,1.26884e+01,1.42599e+01,1.85239e+01,1.95718e+01
40,1.23026e+01,1.22086e+01,1.26864e+01,1.42578e+01,1.85217e+01,1.95696e+01
41,1.23043e+01,1.22103e+01,1.26881e+01,1.42596e+01,1.85237e+01,1.95716e+01
42,1.22993e+01,1.22053e+01,1.26831e+01,1.42544e+01,1.85182e+01,1.95660e+01
43,1.22830e+01,1.21891e+01,1.26667e+01,1.42377e+01,1.85005e+01,1.95481e+01
44,1.22616e+01,1.21677e+01,1.26452e+01,1.42158e+01,1.84772e+01,1.95245e+01
45,1.22457e+01,1.21518e+01,1.26292e+01,1.41994e+01,1.84600e+01,1.95070e+01
46,1.22411e+01,1.21472e+01,1.26246e+01,1.41947e+01,1.84549e+01,1.95018e+01
47,1.22429e+01,1.21490e+01,1.26264e+01,1.41965e+01,1.84569e+01,1.95039e+01
48,1.22407e+01,1.21468e+01,1.26242e+01,1.41942e+01,1.84545e+01,1.95014e+01
49,1.22275e+01,1.21337e+01,1.26109e+01,1.41807e+01,1.84401e+01,1.94868e+01
50,1.22065e+01,1.21126e+01,1.25897e+01,1.41591e+01,1.84172e+01,1.94637e+01
51,1.21881e+01,1.20942e+01,1.25713e+01,1.41402e+01,1.83972e+01,1.94434e+01
52,1.21803e+01,1.20865e+01,1.25635e+01,1.41322e+01,1.83888e+01,1.94348e+01
53,1.21813e+01,1.20875e+01,1.25644e+01,1.41332e+01,1.83899e+01,1.94359e+01
54,1.21813e+01,1.20874e+01,1.25644e+01,1.41332e+01,1.83898e+01,1.94359e+01
55,1.21714e+01,1.20776e+01,1.25544e+01,1.41230e+01,1.83790e+01,1.94249e+01
56,1.21516e+01,1.20578e+01,1.25346e+01,1.41027e+01,1.83576e+01,1.94033e+01
57,1.21314e+01,1.20377e+01,1.25143e+01,1.40820e+01,1.83356e+01,1.93810e+01
58,1.21204e+01,1.20267e+01,1.25032e+01,1.40706e+01,1.83236e+01,1.93688e+01
59,1.21196e+01,1.20259e+01,1.25025e+01,1.40699e+01,1.83228e+01,1.93680e+01
60,1.21211e+01,1.20273e+01,1.25039e+01,1.40713e+01,1.83244e+01,1.93696e+01
61,1.21144e+01,1.20207e+01,1.24972e+01,1.40645e+01,1.83171e+01,1.93622e+01
62,1.20968e+01,1.20031e+01,1.24795e+01,1.40465e+01,1.82980e+01,1.93429e+01
63,1.20756e+01,1.19820e+01,1.24582e+01,1.40247e+01,1.82750e+01,1.93195e+01
64,1.20614e+01,1.19677e+01,1.24439e+01,1.40100e+01,1.82595e+01,1.93038e+01
65,1.20583e+01,1.19647e+01,1.24408e+01,1.40069e+01,1.82561e+01,1.93004e+01
66,1.20603e+01,1.19666e+01,1.24428e+01,1.40089e+01,1.82583e+01,1.93026e+01
67,1.20567e+01,1.19630e+01,1.24392e+01,1.40052e+01,1.82544e+01,1.92986e+01
68,1.20418e+01,1.19482e+01,1.24242e+01,1.39900e+01,1.82383e+01,1.92823e+01
69,1.20206e+01,1.19270e+01,1.24029e+01,1.39681e+01,1.82151e+01,1.92588e+01
70,1.20035e+01,1.19099e+01,1.23857e+01,1.39506e+01,1.81966e+01,1.92400e+01
71,1.19975e+01,1.19039e+01,1.23797e+01,1.39444e+01,1.81900e+01,1.92334e+01
72,1.19991e+01,1.19055e+01,1.23813e+01,1.39461e+01,1.81918e+01,1.92352e+01
73,1.19981e+01,1.19045e+01,1.23802e+01,1.39450e+01,1.81906e+01,1.92340e+01
74,1.19865e+01,1.18929e+01,1.23686e+01,1.39331e+01,1.81780e+01,1.92212e+01
75,1.19660e+01,1.18724e+01,1.23480e+01,1.39120e+01,1.81558e+01,1.91987e+01
76,1.19467e+01,1.18532e+01,1.23286e+01,1.38922e+01,1.81348e+01,1.91774e+01
77,1.19375e+01,1.18440e+01,1.23193e+01,1.38827e+01,1.81247e+01,1.91672e+01
78,1.19378e+01,1.18443e+01,1.23197e+01,1.38831e+01,1.81251e+01,1.91676e+01
79,1.19386e+01,1.18451e+01,1.23205e+01,1.38839e+01,1.81260e+01,1.91686e+01
80,1.19304e+01,1.18369e+01,1.23122e+01,1.38754e+01,1.81170e+01,1.91594e+01
81,1.19116e+01,1.18181e+01,1.22933e+01,1.38561e+01,1.80966e+01,1.91387e+01
82,1.18909e+01,1.17974e+01,1.22725e+01,1.38349e+01,1.80741e+01,1.91159e+01
83,1.18784e+01,1.17850e+01,1.22599e+01,1.38220e+01,1.80605e+01,1.91021e+01
84,1.18767e+01,1.17832e+01,1.22582e+01,1.38203e+01,1.80587e+01,1.91002e+01
85,1.18785e+01,1.17851e+01,1.22600e+01,1.38222e+01,1.80607e+01,1.91023e+01
86,1.18734e+01,1.17800e+01,1.22549e+01,1.38169e+01,1.80551e+01,1.90967e+01
87,1.18571e+01,1.17637e+01,1.22385e+01,1.38002e+01,1.80374e+01,1.90787e+01
88,1.18358e+01,1.17425e+01,1.22171e+01,1.37783e+01,1.80143e+01,1.90553e+01
89,1.18203e+01,1.17269e+01,1.22015e+01,1.37623e+01,1.79974e+01,1.90381e+01
90,1.18159e+01,1.17226e+01,1.21971e+01,1.37579e+01,1.79926e+01,1.90333e+01
91,1.18179e+01,1.17245e+01,1.21991e+01,1.37599e+01,1.79948e+01,1.90355e+01
92,1.18156e+01,1.17223e+01,1.21968e+01,1.37576e+01,1.79923e+01,1.90330e+01
93,1.18023e+01,1.17090e+01,1.21834e+01,1.37439e+01,1.79778e+01,1.90183e+01
94,1.17814e+01,1.16881e+01,1.21624e+01,1.37224e+01,1.79551e+01,1.89953e+01
95,1.17633e+01,1.16700e+01,1.21442e+01,1.37038e+01,1.79354e+01,1.89753e+01
96,1.17558e+01,1.16626e+01,1.21367e+01,1.36961e+01,1.79273e+01,1.89671e+01
97,1.17570e+01,1.16637e+01,1.21379e+01,1.36973e+01,1.79286e+01,1.89684e+01
98,1.17570e+01,1.16637e+01,1.21379e+01,1.36973e+01,1.79286e+01,1.89684e+01
99,1.17470e+01,1.16538e+01,1.21278e+01,1.36871e+01,1.79177e+01,1.89574e+01
100,1.17273e+01,1.16341e+01,1.21080e+01,1.36668e+01,1.78963e+01,1.89357e+01
101,1.17073e+01,1.16141e+01,1.20879e+01,1.36463e+01,1.78746e+01,1.89137e+01
102,1.16966e+01,1.16034e+01,1.20772e+01,1.36353e+01,1.78629e+01,1.89018e+01
103,1.16961e+01,1.16029e+01,1.20767e+01,1.36348e+01,1.78624e+01,1.89013e+01
104,1.16976e+01,1.16044e+01,1.20782e+01,1.36363e+01,1.78640e+01,1.89030e+01
105,1.16909e+01,1.15977e+01,1.20714e+01,1.36294e+01,1.78567e+01,1.88956e+01
106,1.16733e+01,1.15801e+01,1.20537e+01,1.36113e+01,1.78376e+01,1.88762e+01
107,1.16522e+01,1.15591e+01,1.20325e+01,1.35897e+01,1.78147e+01,1.88530e+01
108,1.16383e+01,1.15452e+01,1.20185e+01,1.35754e+01,1.77996e+01,1.88376e+01
109,1.16355e+01,1.15424e+01,1.20157e+01,1.35725e+01,1.77965e+01,1.88346e+01
110,1.16376e+01,1.15445e+01,1.20178e+01,1.35747e+01,1.77988e+01,1.88369e+01
111,1.16339e+01,1.15408e+01,1.20142e+01,1.35709e+01,1.77948e+01,1.88328e+01
112,1.16190e+01,1.15260e+01,1.19992e+01,1.35556e+01,1.77786e+01,1.88164e+01
113,1.15979e+01,1.15048e+01,1.19779e+01,1.35339e+01,1.77556e+01,1.87931e+01
114,1.15811e+01,1.14881e+01,1.19610e+01,1.35166e+01,1.77374e+01,1.87746e+01
115,1.15754e+01,1.14824e+01,1.19553e+01,1.35108e+01,1.77312e+01,1.87683e+01
116,1.15772e+01,1.14841e+01,1.19571e+01,1.35126e+01,1.77332e+01,1.87703e+01
117,1.15761e+01,1.14831e+01,1.19560e+01,1.35115e+01,1.77320e+01,1.87692e+01
118,1.15645e+01,1.14715e+01,1.19443e+01,1.34995e+01,1.77192e+01,1.87562e+01
119,1.15440e+01,1.14510e+01,1.19237e+01,1.34785e+01,1.76971e+01,1.87338e+01
120,1.15250e+01,1.14320e+01,1.19046e+01,1.34590e+01,1.76764e+01,1.87128e+01
121,1.15161e+01,1.14231e+01,1.18957e+01,1.34498e+01,1.76667e+01,1.87030e+01
122,1.15166e+01,1.14237e+01,1.18962e+01,1.34504e+01,1.76673e+01,1.87036e+01
123,1.15175e+01,1.14245e+01,1.18971e+01,1.34513e+01,1.76683e+01,1.87046e+01
124,1.15091e+01,1.14162e+01,1.18887e+01,1.34427e+01,1.76591e+01,1.86953e+01
125,1.14903e+01,1.13974e+01,1.18698e+01,1.34234e+01,1.76388e+01,1.86747e+01
126,1.14698e+01,1.13769e+01,1.18491e+01,1.34023e+01,1.76165e+01,1.86521e+01
127,1.14576e+01,1.13647e+01,1.18369e+01,1.33898e+01,1.76032e+01,1.86386e+01
128,1.14562e+01,1.13633e+01,1.18355e+01,1.33883e+01,1.76017e+01,1.86371e+01
129,1.14581e+01,1.13653e+01,1.18374e+01,1.33903e+01,1.76038e+01,1.86392e+01
130,1.14530e+01,1.13601e+01,1.18322e+01,1.33850e+01,1.75981e+01,1.86335e+01
131,1.14366e+01,1.13438e+01,1.18158e+01,1.33682e+01,1.75804e+01,1.86155e+01
132,1.14155e+01,1.13226e+01,1.17945e+01,1.33465e+01,1.75574e+01,1.85922e+01
133,1.14002e+01,1.13074e+01,1.17792e+01,1.33308e+01,1.75408e+01,1.85754e+01
134,1.13962e+01,1.13034e+01,1.17751e+01,1.33267e+01,1.75364e+01,1.85709e+01
135,1.13983e+01,1.13055e+01,1.17772e+01,1.33289e+01,1.75387e+01,1.85733e+01
136,1.13960e+01,1.13032e+01,1.17749e+01,1.33265e+01,1.75362e+01,1.85708e+01
137,1.13826e+01,1.12898e+01,1.17615e+01,1.33127e+01,1.75217e+01,1.85560e+01
138,1.13617e+01,1.12690e+01,1.17405e+01,1.32913e+01,1.74990e+01,1.85331e+01
139,1.13439e+01,1.12512e+01,1.17225e+01,1.32730e+01,1.74796e+01,1.85134e+01
140,1.13368e+01,1.12441e+01,1.17154e+01,1.32657e+01,1.74718e+01,1.85055e+01
141,1.13381e+01,1.12454e+01,1.17168e+01,1.32671e+01,1.74734e+01,1.85071e+01
142,1.13381e+01,1.12454e+01,1.17168e+01,1.32671e+01,1.74734e+01,1.85071e+01
143,1.13281e+01,1.12354e+01,1.17067e+01,1.32567e+01,1.74624e+01,1.84959e+01
144,1.13084e+01,1.12157e+01,1.16868e+01,1.32365e+01,1.74410e+01,1.84743e+01
145,1.12886e+01,1.11959e+01,1.16670e+01,1.32162e+01,1.74195e+01,1.84525e+01
146,1.12782e+01,1.11856e+01,1.16566e+01,1.32055e+01,1.74082e+01,1.84410e+01
147,1.12780e+01,1.11853e+01,1.16563e+01,1.32053e+01,1.74080e+01,1.84408e+01
148,1.12795e+01,1.11869e+01,1.16578e+01,1.32069e+01,1.74097e+01,1.84425e+01
149,1.12728e+01,1.11801e+01,1.16510e+01,1.31999e+01,1.74023e+01,1.84350e+01
150,1.12551e+01,1.11625e+01,1.16333e+01,1.31818e+01,1.73831e+01,1.84156e+01
151,1.12342e+01,1.11416e+01,1.16123e+01,1.31603e+01,1.73604e+01,1.83926e+01
152,1.12206e+01,1.11280e+01,1.15986e+01,1.31463e+01,1.73456e+01,1.83776e+01
153,1.12181e+01,1.11255e+01,1.15961e+01,1.31437e+01,1.73429e+01,1.83748e+01
154,1.12203e+01,1.11277e+01,1.15983e+01,1.31460e+01,1.73453e+01,1.83773e+01
155,1.12166e+01,1.11240e+01,1.15946e+01,1.31422e+01,1.73413e+01,1.83732e+01
156,1.12016e+01,1.11091e+01,1.15795e+01,1.31268e+01,1.73250e+01,1.83567e+01
157,1.11805e+01,1.10880e+01,1.15583e+01,1.31052e+01,1.73021e+01,1.83335e+01
158,1.11640e+01,1.10716e+01,1.15418e+01,1.30883e+01,1.72842e+01,1.83154e+01
159,1.11587e+01,1.10662e+01,1.15364e+01,1.30827e+01,1.72784e+01,1.83094e+01
160,1.11606e+01,1.10681e+01,1.15383e+01,1.30847e+01,1.72805e+01,1.83116e+01
161,1.11595e+01,1.10671e+01,1.15372e+01,1.30836e+01,1.72793e+01,1.83104e+01
162,1.11477e+01,1.10552e+01,1.15253e+01,1.30715e+01,1.72665e+01,1.82974e+01
163,1.11274e+01,1.10349e+01,1.15049e+01,1.30506e+01,1.72444e+01,1.82750e+01
164,1.11086e+01,1.10162e+01,1.14860e+01,1.30313e+01,1.72240e+01,1.82543e+01
165,1.11000e+01,1.10076e+01,1.14774e+01,1.30225e+01,1.72146e+01,1.82448e+01
166,1.11008e+01,1.10084e+01,1.14782e+01,1.30233e+01,1.72155e+01,1.82457e+01
167,1.11017e+01,1.10093e+01,1.14791e+01,1.30242e+01,1.72165e+01,1.82467e+01
168,1.10932e+01,1.10009e+01,1.14706e+01,1.30155e+01,1.72072e+01,1.82373e+01
169,1.10744e+01,1.09821e+01,1.14517e+01,1.29962e+01,1.71869e+01,1.82167e+01
170,1.10541e+01,1.09618e+01,1.14312e+01,1.29753e+01,1.71648e+01,1.81943e+01
171,1.10422e+01,1.09499e+01,1.14193e+01,1.29631e+01,1.71519e+01,1.81812e+01
172,1.10411e+01,1.09488e+01,1.14181e+01,1.29620e+01,1.71506e+01,1.81800e+01
173,1.10431e+01,1.09508e+01,1.14202e+01,1.29641e+01,1.71529e+01,1.81822e+01
174,1.10379e+01,1.09456e+01,1.14149e+01,1.29587e+01,1.71471e+01,1.81764e+01
175,1.10215e+01,1.09292e+01,1.13984e+01,1.29418e+01,1.71293e+01,1.81584e+01
176,1.10004e+01,1.09082e+01,1.13773e+01,1.29202e+01,1.71065e+01,1.81352e+01
177,1.09855e+01,1.08932e+01,1.13622e+01,1.29049e+01,1.70902e+01,1.81188e+01
178,1.09818e+01,1.08895e+01,1.13585e+01,1.29010e+01,1.70862e+01,1.81146e+01
179,1.09840e+01,1.08917e+01,1.13608e+01,1.29033e+01,1.70886e+01,1.81172e+01
180,1.09817e+01,1.08894e+01,1.13584e+01,1.29009e+01,1.70861e+01,1.81146e+01
181,1.09682e+01,1.08760e+01,1.13449e+01,1.28871e+01,1.70715e+01,1.80997e+01
182,1.09474e+01,1.08552e+01,1.13240e+01,1.28658e+01,1.70489e+01,1.80769e+01
183,1.09298e+01,1.08376e+01,1.13063e+01,1.28477e+01,1.70298e+01,1.80575e+01
184,1.09230e+01,1.08309e+01,1.12995e+01,1.28407e+01,1.70224e+01,1.80500e+01
185,1.09246e+01,1.08324e+01,1.13010e+01,1.28423e+01,1.70241e+01,1.80518e+01
186,1.09246e+01,1.08324e+01,1.13010e+01,1.28423e+01,1.70241e+01,1.80518e+01
187,1.09145e+01,1.08223e+01,1.12909e+01,1.28319e+01,1.70130e+01,1.80405e+01
188,1.08948e+01,1.08026e+01,1.12710e+01,1.28117e+01,1.69917e+01,1.80189e+01
189,1.08752e+01,1.07831e+01,1.12514e+01,1.27916e+01,1.69704e+01,1.79974e+01
190,1.08652e+01,1.07731e+01,1.12413e+01,1.27813e+01,1.69595e+01,1.79862e+01
191,1.08652e+01,1.07731e+01,1.12413e+01,1.27813e+01,1.69595e+01,1.79863e+01
192,1.08667e+01,1.07746e+01,1.12429e+01,1.27829e+01,1.69613e+01,1.79881e+01
193,1.08599e+01,1.07678e+01,1.12360e+01,1.27759e+01,1.69538e+01,1.79805e+01
194,1.08422e+01,1.07501e+01,1.12182e+01,1.27577e+01,1.69346e+01,1.79610e+01
195,1.08215e+01,1.07294e+01,1.11974e+01,1.27364e+01,1.69121e+01,1.79382e+01
196,1.08082e+01,1.07161e+01,1.11840e+01,1.27227e+01,1.68976e+01,1.79236e+01
197,1.08059e+01,1.07139e+01,1.11818e+01,1.27205e+01,1.68952e+01,1.79211e+01
198,1.08083e+01,1.07162e+01,1.11841e+01,1.27229e+01,1.68978e+01,1.79237e+01
199,1.08045e+01,1.07125e+01,1.11803e+01,1.27190e+01,1.68936e+01,1.79195e+01
200,1.07895e+01,1.06975e+01,1.11652e+01,1.27036e+01,1.68773e+01,1.79030e+01
201,1.07685e+01,1.06765e+01,1.11441e+01,1.26820e+01,1.68546e+01,1.78799e+01
202,1.07523e+01,1.06603e+01,1.11278e+01,1.26654e+01,1.68370e+01,1.78621e+01
203,1.07472e+01,1.06553e+01,1.11227e+01,1.26602e+01,1.68314e+01,1.78565e+01
204,1.07493e+01,1.06574e+01,1.11249e+01,1.26623e+01,1.68338e+01,1.78589e+01
205,1.07482e+01,1.06563e+01,1.11238e+01,1.26612e+01,1.68326e+01,1.78576e+01
206,1.07363e+01,1.06444e+01,1.11118e+01,1.26490e+01,1.68196e+01,1.78445e+01
207,1.07160e+01,1.06241e+01,1.10914e+01,1.26281e+01,1.67976e+01,1.78222e+01
208,1.06975e+01,1.06056e+01,1.10727e+01,1.26091e+01,1.67774e+01,1.78018e+01
209,1.06893e+01,1.05974e+01,1.10645e+01,1.26006e+01,1.67684e+01,1.77926e+01
210,1.06902e+01,1.05984e+01,1.10654e+01,1.26016e+01,1.67696e+01,1.77938e+01
211,1.06911e+01,1.05993e+01,1.10664e+01,1.26026e+01,1.67706e+01,1.77948e+01
212,1.06826e+01,1.05908e+01,1.10578e+01,1.25938e+01,1.67612e+01,1.77853e+01
213,1.06638e+01,1.05720e+01,1.10389e+01,1.25745e+01,1.67409e+01,1.77647e+01
214,1.06437e+01,1.05518e+01,1.10186e+01,1.25538e+01,1.67190e+01,1.77425e+01
215,1.06321e+01,1.05403e+01,1.10070e+01,1.25419e+01,1.67064e+01,1.77298e+01
216,1.06312e+01,1.05394e+01,1.10061e+01,1.25410e+01,1.67055e+01,1.77288e+01
217,1.06333e+01,1.05415e+01,1.10082e+01,1.25432e+01,1.67078e+01,1.77312e+01
218,1.06280e+01,1.05363e+01,1.10029e+01,1.25378e+01,1.67020e+01,1.77253e+01
219,1.06116e+01,1.05198e+01,1.09864e+01,1.25209e+01,1.66841e+01,1.77072e+01
220,1.05907e+01,1.04989e+01,1.09654e+01,1.24994e+01,1.66614e+01,1.76842e+01
221,1.05760e+01,1.04843e+01,1.09506e+01,1.24843e+01,1.66455e+01,1.76681e+01
222,1.05726e+01,1.04809e+01,1.09472e+01,1.24808e+01,1.66418e+01,1.76643e+01
223,1.05750e+01,1.04832e+01,1.09496e+01,1.24833e+01,1.66444e+01,1.76670e+01
224,1.05726e+01,1.04809e+01,1.09472e+01,1.24808e+01,1.66418e+01,1.76643e+01
225,1.05590e+01,1.04673e+01,1.09336e+01,1.24669e+01,1.66271e+01,1.76494e+01
226,1.05383e+01,1.04467e+01,1.09127e+01,1.24456e+01,1.66046e+01,1.76266e+01
227,1.05210e+01,1.04293e+01,1.08953e+01,1.24278e+01,1.65858e+01,1.76075e+01
228,1.05145e+01,1.04229e+01,1.08888e+01,1.24212e+01,1.65787e+01,1.76004e+01
229,1.05163e+01,1.04246e+01,1.08906e+01,1.24230e+01,1.65807e+01,1.76024e+01
230,1.05163e+01,1.04246e+01,1.08906e+01,1.24230e+01,1.65807e+01,1.76024e+01
231,1.05060e+01,1.04143e+01,1.08802e+01,1.24124e+01,1.65695e+01,1.75910e+01
232,1.04864e+01,1.03948e+01,1.08605e+01,1.23923e+01,1.65482e+01,1.75695e+01
233,1.04670e+01,1.03754e+01,1.08410e+01,1.23724e+01,1.65272e+01,1.75482e+01
234,1.04573e+01,1.03658e+01,1.08313e+01,1.23624e+01,1.65166e+01,1.75374e+01
235,1.04575e+01,1.03660e+01,1.08315e+01,1.23627e+01,1.65169e+01,1.75377e+01
236,1.04592e+01,1.03676e+01,1.08332e+01,1.23644e+01,1.65187e+01,1.75396e+01
237,1.04523e+01,1.03607e+01,1.08262e+01,1.23572e+01,1.65111e+01,1.75319e+01
238,1.04345e+01,1.03430e+01,1.08084e+01,1.23391e+01,1.64919e+01,1.75124e+01
239,1.04140e+01,1.03224e+01,1.07877e+01,1.23179e+01,1.64696e+01,1.74898e+01
240,1.04010e+01,1.03095e+01,1.07746e+01,1.23046e+01,1.64554e+01,1.74755e+01
241,1.03990e+01,1.03075e+01,1.07727e+01,1.23026e+01,1.64533e+01,1.74733e+01
242,1.04014e+01,1.03099e+01,1.07751e+01,1.23051e+01,1.64560e+01,1.74760e+01
243,1.03976e+01,1.03061e+01,1.07713e+01,1.23012e+01,1.64518e+01,1.74718e+01
244,1.03825e+01,1.02911e+01,1.07561e+01,1.22857e+01,1.64354e+01,1.74552e+01
245,1.03617e+01,1.02702e+01,1.07351e+01,1.22642e+01,1.64128e+01,1.74322e+01
246,1.03457e+01,1.02543e+01,1.07191e+01,1.22479e+01,1.63955e+01,1.74147e+01
247,1.03410e+01,1.02496e+01,1.07144e+01,1.22430e+01,1.63903e+01,1.74095e+01
248,1.03432e+01,1.02518e+01,1.07166e+01,1.22453e+01,1.63928e+01,1.74120e+01
249,1.03421e+01,1.02507e+01,1.07155e+01,1.22442e+01,1.63916e+01,1.74107e+01
250,1.03301e+01,1.02387e+01,1.07034e+01,1.22318e+01,1.63785e+01,1.73976e+01
251,1.03099e+01,1.02185e+01,1.06831e+01,1.22111e+01,1.63566e+01,1.73753e+01
252,1.02916e+01,1.02002e+01,1.06647e+01,1.21922e+01,1.63367e+01,1.73551e+01
253,1.02837e+01,1.01923e+01,1.06567e+01,1.21841e+01,1.63280e+01,1.73464e+01
254,1.02849e+01,1.01935e+01,1.06579e+01,1.21854e+01,1.63294e+01,1.73478e+01
255,1.02858e+01,1.01944e+01,1.06589e+01,1.21863e+01,1.63304e+01,1.73488e+01
256,1.02772e+01,1.01859e+01,1.06502e+01,1.21775e+01,1.63210e+01,1.73392e+01
257,1.02584e+01,1.01671e+01,1.06313e+01,1.21582e+01,1.63006e+01,1.73186e+01
258,1.02384e+01,1.01471e+01,1.06112e+01,1.21376e+01,1.62790e+01,1.72966e+01
259,1.02271e+01,1.01359e+01,1.05999e+01,1.21261e+01,1.62667e+01,1.72842e+01
260,1.02265e+01,1.01353e+01,1.05993e+01,1.21255e+01,1.62661e+01,1.72836e+01
261,1.02287e+01,1.01374e+01,1.06015e+01,1.21277e+01,1.62685e+01,1.72860e+01
262,1.02234e+01,1.01321e+01,1.05961e+01,1.21222e+01,1.62626e+01,1.72800e+01
263,1.02068e+01,1.01156e+01,1.05795e+01,1.21052e+01,1.62447e+01,1.72619e+01
264,1.01861e+01,1.00948e+01,1.05586e+01,1.20839e+01,1.62222e+01,1.72391e+01
265,1.01717e+01,1.00805e+01,1.05442e+01,1.20692e+01,1.62066e+01,1.72233e+01
266,1.01686e+01,1.00774e+01,1.05410e+01,1.20659e+01,1.62031e+01,1.72198e+01
267,1.01711e+01,1.00799e+01,1.05436e+01,1.20685e+01,1.62059e+01,1.72226e+01
268,1.01687e+01,1.00775e+01,1.05411e+01,1.20660e+01,1.62032e+01,1.72199e+01
269,1.01550e+01,1.00639e+01,1.05274e+01,1.20521e+01,1.61885e+01,1.72049e+01
270,1.01344e+01,1.00432e+01,1.05067e+01,1.20309e+01,1.61661e+01,1.71822e+01
271,1.01173e+01,1.00262e+01,1.04895e+01,1.20133e+01,1.61475e+01,1.71635e+01
272,1.01112e+01,1.00201e+01,1.04833e+01,1.20070e+01,1.61408e+01,1.71566e+01
273,1.01131e+01,1.00220e+01,1.04853e+01,1.20090e+01,1.61430e+01,1.71589e+01
274,1.01131e+01,1.00220e+01,1.04853e+01,1.20090e+01,1.61430e+01,1.71588e+01
275,1.01027e+01,1.00116e+01,1.04748e+01,1.19983e+01,1.61317e+01,1.71474e+01
276,1.00831e+01,9.99204e+00,1.04551e+01,1.19782e+01,1.61104e+01,1.71258e+01
277,1.00640e+01,9.97292e+00,1.04359e+01,1.19586e+01,1.60896e+01,1.71048e+01
278,1.00546e+01,9.96357e+00,1.04265e+01,1.19489e+01,1.60794e+01,1.70944e+01
279,1.00551e+01,9.96403e+00,1.04269e+01,1.19494e+01,1.60800e+01,1.70950e+01
280,1.00568e+01,9.96570e+00,1.04286e+01,1.19512e+01,1.60818e+01,1.70969e+01
281,1.00498e+01,9.95871e+00,1.04216e+01,1.19439e+01,1.60741e+01,1.70891e+01
282,1.00320e+01,9.94096e+00,1.04037e+01,1.19257e+01,1.60549e+01,1.70696e+01
283,1.00116e+01,9.92059e+00,1.03832e+01,1.19048e+01,1.60328e+01,1.70472e+01
284,9.99889e+00,9.90791e+00,1.03705e+01,1.18917e+01,1.60190e+01,1.70332e+01
285,9.99724e+00,9.90626e+00,1.03688e+01,1.18900e+01,1.60172e+01,1.70314e+01
286,9.99975e+00,9.90876e+00,1.03713e+01,1.18926e+01,1.60199e+01,1.70342e+01
287,9.99588e+00,9.90491e+00,1.03674e+01,1.18886e+01,1.60157e+01,1.70298e+01
288,9.98071e+00,9.88975e+00,1.03522e+01,1.18731e+01,1.59992e+01,1.70132e+01
289,9.95994e+00,9.86901e+00,1.03313e+01,1.18517e+01,1.59767e+01,1.69904e+01
290,9.94430e+00,9.85338e+00,1.03156e+01,1.18357e+01,1.59597e+01,1.69732e+01
291,9.93986e+00,9.84896e+00,1.03111e+01,1.18311e+01,1.59549e+01,1.69682e+01
292,9.94228e+00,9.85137e+00,1.03135e+01,1.18336e+01,1.59576e+01,1.69710e+01
293,9.94113e+00,9.85022e+00,1.03124e+01,1.18324e+01,1.59563e+01,1.69697e+01
294,9.92904e+00,9.83815e+00,1.03002e+01,1.18200e+01,1.59432e+01,1.69564e+01
295,9.90884e+00,9.81797e+00,1.02799e+01,1.17993e+01,1.59212e+01,1.69342e+01
296,9.89076e+00,9.79992e+00,1.02618e+01,1.17807e+01,1.59016e+01,1.69143e+01
297,9.88319e+00,9.79235e+00,1.02541e+01,1.17729e+01,1.58933e+01,1.69059e+01
298,9.88459e+00,9.79375e+00,1.02556e+01,1.17744e+01,1.58949e+01,1.69075e+01
299,9.88554e+00,9.79470e+00,1.02565e+01,1.17753e+01,1.58960e+01,1.69085e+01
300,9.87684e+00,9.78602e+00,1.02478e+01,1.17664e+01,1.58864e+01,1.68989e+01
301,9.85801e+00,9.76721e+00,1.02288e+01,1.17471e+01,1.58661e+01,1.68783e+01
302,9.83823e+00,9.74745e+00,1.02090e+01,1.17268e+01,1.58446e+01,1.68565e+01
303,9.82729e+00,9.73653e+00,1.01980e+01,1.17155e+01,1.58327e+01,1.68445e+01
304,9.82695e+00,9.73619e+00,1.01976e+01,1.17152e+01,1.58324e+01,1.68441e+01
305,9.82920e+00,9.73843e+00,1.01999e+01,1.17175e+01,1.58348e+01,1.68466e+01
306,9.82376e+00,9.73300e+00,1.01944e+01,1.17119e+01,1.58289e+01,1.68405e+01
307,9.80719e+00,9.71645e+00,1.01777e+01,1.16949e+01,1.58109e+01,1.68224e+01
308,9.78655e+00,9.69584e+00,1.01570e+01,1.16737e+01,1.57885e+01,1.67997e+01
309,9.77248e+00,9.68179e+00,1.01429e+01,1.16593e+01,1.57733e+01,1.67842e+01
310,9.76964e+00,9.67896e+00,1.01400e+01,1.16563e+01,1.57702e+01,1.67811e+01
311,9.77228e+00,9.68159e+00,1.01427e+01,1.16591e+01,1.57731e+01,1.67840e+01
312,9.76982e+00,9.67913e+00,1.01402e+01,1.16565e+01,1.57704e+01,1.67813e+01
313,9.75610e+00,9.66543e+00,1.01264e+01,1.16424e+01,1.57555e+01,1.67662e+01
314,9.73554e+00,9.64489e+00,1.01057e+01,1.16213e+01,1.57332e+01,1.67436e+01
315,9.71873e+00,9.62811e+00,1.00888e+01,1.16041e+01,1.57149e+01,1.67251e+01
316,9.71291e+00,9.62230e+00,1.00830e+01,1.15981e+01,1.57086e+01,1.67187e+01
317,9.71502e+00,9.62440e+00,1.00851e+01,1.16003e+01,1.57109e+01,1.67211e+01
318,9.71501e+00,9.62439e+00,1.00851e+01,1.16003e+01,1.57109e+01,1.67210e+01
319,9.70451e+00,9.61391e+00,1.00745e+01,1.15895e+01,1.56995e+01,1.67095e+01
320,9.68494e+00,9.59436e+00,1.00549e+01,1.15694e+01,1.56783e+01,1.66880e+01
321,9.66602e+00,9.57547e+00,1.00358e+01,1.15500e+01,1.56577e+01,1.66672e+01
322,9.65689e+00,9.56634e+00,1.00267e+01,1.15406e+01,1.56478e+01,1.66571e+01
323,9.65767e+00,9.56712e+00,1.00274e+01,1.15414e+01,1.56487e+01,1.66580e+01
324,9.65939e+00,9.56884e+00,1.00292e+01,1.15432e+01,1.56506e+01,1.66599e+01
325,9.65230e+00,9.56176e+00,1.00220e+01,1.15359e+01,1.56428e+01,1.66520e+01
326,9.63450e+00,9.54398e+00,1.00042e+01,1.15176e+01,1.56235e+01,1.66325e+01
327,9.61426e+00,9.52377e+00,9.98380e+00,1.14968e+01,1.56016e+01,1.66103e+01
328,9.60187e+00,9.51140e+00,9.97135e+00,1.14841e+01,1.55881e+01,1.65966e+01
329,9.60050e+00,9.51002e+00,9.96997e+00,1.14827e+01,1.55866e+01,1.65951e+01
330,9.60310e+00,9.51262e+00,9.97259e+00,1.14854e+01,1.55895e+01,1.65980e+01
331,9.59916e+00,9.50869e+00,9.96863e+00,1.14813e+01,1.55852e+01,1.65936e+01
332,9.58393e+00,9.49347e+00,9.95331e+00,1.14657e+01,1.55687e+01,1.65769e+01
333,9.56326e+00,9.47284e+00,9.93254e+00,1.14445e+01,1.55462e+01,1.65542e+01
334,9.54790e+00,9.45749e+00,9.91710e+00,1.14287e+01,1.55296e+01,1.65373e+01
335,9.54377e+00,9.45337e+00,9.91295e+00,1.14244e+01,1.55251e+01,1.65327e+01
336,9.54633e+00,9.45593e+00,9.91553e+00,1.14271e+01,1.55279e+01,1.65356e+01
337,9.54515e+00,9.45475e+00,9.91434e+00,1.14259e+01,1.55266e+01,1.65343e+01
338,9.53297e+00,9.44259e+00,9.90210e+00,1.14134e+01,1.55134e+01,1.65209e+01
339,9.51282e+00,9.42246e+00,9.88184e+00,1.13927e+01,1.54915e+01,1.64987e+01
340,9.49499e+00,9.40465e+00,9.86391e+00,1.13744e+01,1.54722e+01,1.64791e+01
341,9.48773e+00,9.39740e+00,9.85661e+00,1.13669e+01,1.54642e+01,1.64711e+01
342,9.48933e+00,9.39900e+00,9.85823e+00,1.13686e+01,1.54661e+01,1.64729e+01
343,9.49029e+00,9.39996e+00,9.85919e+00,1.13695e+01,1.54671e+01,1.64740e+01
344,9.48142e+00,9.39110e+00,9.85028e+00,1.13604e+01,1.54575e+01,1.64642e+01
345,9.46267e+00,9.37237e+00,9.83142e+00,1.13412e+01,1.54371e+01,1.64436e+01
346,9.44308e+00,9.35281e+00,9.81173e+00,1.13211e+01,1.54159e+01,1.64221e+01
347,9.43246e+00,9.34220e+00,9.80106e+00,1.13102e+01,1.54043e+01,1.64104e+01
348,9.43237e+00,9.34211e+00,9.80097e+00,1.13101e+01,1.54042e+01,1.64103e+01
349,9.43467e+00,9.34441e+00,9.80329e+00,1.13125e+01,1.54068e+01,1.64129e+01
350,9.42916e+00,9.33891e+00,9.79774e+00,1.13068e+01,1.54007e+01,1.64067e+01
351,9.41254e+00,9.32230e+00,9.78103e+00,1.12897e+01,1.53827e+01,1.63885e+01
352,9.39204e+00,9.30183e+00,9.76043e+00,1.12687e+01,1.53605e+01,1.63660e+01
353,9.37826e+00,9.28807e+00,9.74658e+00,1.12545e+01,1.53455e+01,1.63508e+01
354,9.37572e+00,9.28553e+00,9.74402e+00,1.12519e+01,1.53428e+01,1.63480e+01
355,9.37847e+00,9.28828e+00,9.74679e+00,1.12548e+01,1.53458e+01,1.63511e+01
356,9.37595e+00,9.28577e+00,9.74426e+00,1.12522e+01,1.53430e+01,1.63483e+01
357,9.36216e+00,9.27199e+00,9.73039e+00,1.12380e+01,1.53281e+01,1.63331e+01
358,9.34167e+00,9.25153e+00,9.70980e+00,1.12170e+01,1.53058e+01,1.63106e+01
359,9.32513e+00,9.23501e+00,9.69317e+00,1.12000e+01,1.52879e+01,1.62924e+01
360,9.31962e+00,9.22951e+00,9.68763e+00,1.11943e+01,1.52819e+01,1.62863e+01
361,9.32191e+00,9.23179e+00,9.68993e+00,1.11967e+01,1.52844e+01,1.62889e+01
362,9.32187e+00,9.23176e+00,9.68990e+00,1.11966e+01,1.52844e+01,1.62889e+01
363,9.31129e+00,9.22118e+00,9.67925e+00,1.11858e+01,1.52729e+01,1.62772e+01
364,9.29174e+00,9.20166e+00,9.65960e+00,1.11657e+01,1.52517e+01,1.62557e+01
365,9.27304e+00,9.18298e+00,9.64081e+00,1.11465e+01,1.52314e+01,1.62352e+01
366,9.26422e+00,9.17418e+00,9.63194e+00,1.11375e+01,1.52218e+01,1.62255e+01
367,9.26523e+00,9.17518e+00,9.63296e+00,1.11385e+01,1.52229e+01,1.62266e+01
368,9.26698e+00,9.17693e+00,9.63472e+00,1.11403e+01,1.52248e+01,1.62285e+01
369,9.25980e+00,9.16977e+00,9.62750e+00,1.11329e+01,1.52170e+01,1.62206e+01
370,9.24197e+00,9.15196e+00,9.60958e+00,1.11146e+01,1.51977e+01,1.62010e+01
371,9.22190e+00,9.13191e+00,9.58940e+00,1.10940e+01,1.51759e+01,1.61790e+01
372,9.20982e+00,9.11985e+00,9.57726e+00,1.10816e+01,1.51628e+01,1.61657e+01
373,9.20871e+00,9.11874e+00,9.57615e+00,1.10805e+01,1.51616e+01,1.61645e+01
374,9.21140e+00,9.12143e+00,9.57885e+00,1.10833e+01,1.51646e+01,1.61675e+01
375,9.20740e+00,9.11743e+00,9.57482e+00,1.10791e+01,1.51602e+01,1.61630e+01
376,9.19209e+00,9.10214e+00,9.55944e+00,1.10634e+01,1.51436e+01,1.61462e+01
377,9.17154e+00,9.08161e+00,9.53878e+00,1.10423e+01,1.51213e+01,1.61236e+01
378,9.15646e+00,9.06655e+00,9.52362e+00,1.10268e+01,1.51049e+01,1.61071e+01
379,9.15263e+00,9.06273e+00,9.51977e+00,1.10229e+01,1.51008e+01,1.61028e+01
380,9.15533e+00,9.06543e+00,9.52249e+00,1.10257e+01,1.51038e+01,1.61059e+01
381,9.15412e+00,9.06421e+00,9.52127e+00,1.10244e+01,1.51024e+01,1.61045e+01
382,9.14185e+00,9.05196e+00,9.50893e+00,1.10118e+01,1.50891e+01,1.60910e+01
383,9.12174e+00,9.03188e+00,9.48872e+00,1.09912e+01,1.50673e+01,1.60689e+01
384,9.10415e+00,9.01432e+00,9.47105e+00,1.09732e+01,1.50482e+01,1.60496e+01
385,9.09721e+00,9.00739e+00,9.46406e+00,1.09660e+01,1.50406e+01,1.60419e+01
386,9.09902e+00,9.00918e+00,9.46588e+00,1.09679e+01,1.50427e+01,1.60440e+01
387,9.09998e+00,9.01014e+00,9.46685e+00,1.09689e+01,1.50437e+01,1.60450e+01
388,9.09101e+00,9.00119e+00,9.45783e+00,1.09597e+01,1.50340e+01,1.60351e+01
389,9.07226e+00,8.98246e+00,9.43898e+00,1.09404e+01,1.50136e+01,1.60145e+01
390,9.05286e+00,8.96309e+00,9.41948e+00,1.09205e+01,1.49926e+01,1.59932e+01
391,9.04256e+00,8.95280e+00,9.40913e+00,1.09099e+01,1.49814e+01,1.59819e+01
392,9.04272e+00,8.95296e+00,9.40929e+00,1.09101e+01,1.49816e+01,1.59821e+01
393,9.04508e+00,8.95531e+00,9.41166e+00,1.09125e+01,1.49842e+01,1.59847e+01
394,9.03948e+00,8.94972e+00,9.40603e+00,1.09067e+01,1.49780e+01,1.59785e+01
395,9.02281e+00,8.93307e+00,9.38927e+00,1.08896e+01,1.49600e+01,1.59602e+01
396,9.00244e+00,8.91273e+00,9.36880e+00,1.08687e+01,1.49379e+01,1.59378e+01
397,8.98897e+00,8.89927e+00,9.35526e+00,1.08549e+01,1.49233e+01,1.59230e+01
398,8.98671e+00,8.89702e+00,9.35298e+00,1.08526e+01,1.49208e+01,1.59205e+01
399,8.98958e+00,8.89988e+00,9.35587e+00,1.08555e+01,1.49240e+01,1.59237e+01
400,8.98700e+00,8.89731e+00,9.35328e+00,1.08529e+01,1.49211e+01,1.59208e+01
401,8.97312e+00,8.88345e+00,9.33933e+00,1.08386e+01,1.49061e+01,1.59056e+01
402,8.95271e+00,8.86307e+00,9.31882e+00,1.08177e+01,1.48840e+01,1.58832e+01
403,8.93644e+00,8.84681e+00,9.30246e+00,1.08010e+01,1.48663e+01,1.58653e+01
404,8.93124e+00,8.84162e+00,9.29723e+00,1.07956e+01,1.48606e+01,1.58595e+01
405,8.93369e+00,8.84407e+00,9.29970e+00,1.07982e+01,1.48634e+01,1.58623e+01
406,8.93364e+00,8.84402e+00,9.29964e+00,1.07981e+01,1.48633e+01,1.58622e+01
407,8.92296e+00,8.83335e+00,9.28891e+00,1.07872e+01,1.48517e+01,1.58505e+01
408,8.90343e+00,8.81385e+00,9.26928e+00,1.07671e+01,1.48305e+01,1.58290e+01
409,8.88495e+00,8.79539e+00,9.25071e+00,1.07481e+01,1.48105e+01,1.58087e+01
410,8.87645e+00,8.78690e+00,9.24216e+00,1.07394e+01,1.48013e+01,1.57994e+01
411,8.87768e+00,8.78813e+00,9.24340e+00,1.07407e+01,1.48026e+01,1.58008e+01
412,8.87946e+00,8.78991e+00,9.24518e+00,1.07425e+01,1.48046e+01,1.58027e+01
413,8.87220e+00,8.78265e+00,9.23788e+00,1.07350e+01,1.47966e+01,1.57946e+01
414,8.85433e+00,8.76481e+00,9.21992e+00,1.07167e+01,1.47773e+01,1.57751e+01
415,8.83442e+00,8.74493e+00,9.19991e+00,1.06963e+01,1.47557e+01,1.57532e+01
416,8.82266e+00,8.73317e+00,9.18808e+00,1.06842e+01,1.47430e+01,1.57403e+01
417,8.82181e+00,8.73233e+00,9.18724e+00,1.06833e+01,1.47420e+01,1.57394e+01
418,8.82459e+00,8.73510e+00,9.19003e+00,1.06862e+01,1.47451e+01,1.57425e+01
419,8.82051e+00,8.73103e+00,9.18592e+00,1.06820e+01,1.47406e+01,1.57379e+01
420,8.80513e+00,8.71568e+00,9.17047e+00,1.06662e+01,1.47240e+01,1.57211e+01
421,8.78469e+00,8.69525e+00,9.14992e+00,1.06452e+01,1.47018e+01,1.56986e+01
422,8.76989e+00,8.68048e+00,9.13505e+00,1.06300e+01,1.46857e+01,1.56823e+01
423,8.76636e+00,8.67695e+00,9.13150e+00,1.06264e+01,1.46819e+01,1.56784e+01
424,8.76921e+00,8.67979e+00,9.13436e+00,1.06293e+01,1.46850e+01,1.56816e+01
425,8.76794e+00,8.67853e+00,9.13309e+00,1.06280e+01,1.46836e+01,1.56802e+01
426,8.75558e+00,8.66619e+00,9.12067e+00,1.06154e+01,1.46702e+01,1.56666e+01
427,8.73553e+00,8.64616e+00,9.10051e+00,1.05948e+01,1.46485e+01,1.56446e+01
428,8.71819e+00,8.62884e+00,9.08308e+00,1.05770e+01,1.46297e+01,1.56255e+01
429,8.71156e+00,8.62222e+00,9.07641e+00,1.05701e+01,1.46224e+01,1.56182e+01
430,8.71356e+00,8.62422e+00,9.07843e+00,1.05722e+01,1.46247e+01,1.56205e+01
431,8.71452e+00,8.62517e+00,9.07939e+00,1.05732e+01,1.46257e+01,1.56215e+01
432,8.70546e+00,8.61612e+00,9.07028e+00,1.05639e+01,1.46159e+01,1.56116e+01
433,8.68670e+00,8.59739e+00,9.05142e+00,1.05446e+01,1.45955e+01,1.55910e+01
434,8.66750e+00,8.57821e+00,9.03212e+00,1.05249e+01,1.45747e+01,1.55699e+01
435,8.65751e+00,8.56824e+00,9.02208e+00,1.05147e+01,1.45639e+01,1.55589e+01
436,8.65791e+00,8.56864e+00,9.02249e+00,1.05151e+01,1.45643e+01,1.55593e+01
437,8.66032e+00,8.57105e+00,9.02491e+00,1.05176e+01,1.45670e+01,1.55620e+01
438,8.65464e+00,8.56537e+00,9.01920e+00,1.05117e+01,1.45607e+01,1.55557e+01
439,8.63792e+00,8.54867e+00,9.00239e+00,1.04946e+01,1.45427e+01,1.55374e+01
440,8.61769e+00,8.52847e+00,8.98206e+00,1.04738e+01,1.45207e+01,1.55152e+01
441,8.60452e+00,8.51531e+00,8.96882e+00,1.04603e+01,1.45064e+01,1.55007e+01
442,8.60254e+00,8.51333e+00,8.96682e+00,1.04583e+01,1.45043e+01,1.54985e+01
443,8.60551e+00,8.51631e+00,8.96982e+00,1.04613e+01,1.45076e+01,1.55018e+01
444,8.60287e+00,8.51367e+00,8.96716e+00,1.04586e+01,1.45046e+01,1.54989e+01
445,8.58892e+00,8.49973e+00,8.95313e+00,1.04443e+01,1.44895e+01,1.54836e+01
446,8.56859e+00,8.47943e+00,8.93270e+00,1.04234e+01,1.44675e+01,1.54612e+01
447,8.55258e+00,8.46344e+00,8.91661e+00,1.04070e+01,1.44501e+01,1.54436e+01
448,8.54769e+00,8.45856e+00,8.91169e+00,1.04020e+01,1.44448e+01,1.54382e+01
449,8.55031e+00,8.46117e+00,8.91433e+00,1.04047e+01,1.44477e+01,1.54412e+01
450,8.55023e+00,8.46109e+00,8.91425e+00,1.04046e+01,1.44476e+01,1.54411e+01
451,8.53945e+00,8.45033e+00,8.90341e+00,1.03935e+01,1.44359e+01,1.54292e+01
452,8.51995e+00,8.43085e+00,8.88381e+00,1.03735e+01,1.44148e+01,1.54078e+01
453,8.50169e+00,8.41262e+00,8.86546e+00,1.03548e+01,1.43950e+01,1.53878e+01
454,8.49351e+00,8.40444e+00,8.85723e+00,1.03464e+01,1.43861e+01,1.53788e+01
455,8.49495e+00,8.40588e+00,8.85868e+00,1.03479e+01,1.43877e+01,1.53804e+01
456,8.49675e+00,8.40768e+00,8.86050e+00,1.03497e+01,1.43896e+01,1.53824e+01
457,8.48931e+00,8.40025e+00,8.85302e+00,1.03421e+01,1.43816e+01,1.53742e+01
458,8.47150e+00,8.38246e+00,8.83511e+00,1.03238e+01,1.43623e+01,1.53546e+01
459,8.45176e+00,8.36275e+00,8.81527e+00,1.03035e+01,1.43409e+01,1.53329e+01
460,8.44030e+00,8.35131e+00,8.80375e+00,1.02918e+01,1.43284e+01,1.53203e+01
461,8.43972e+00,8.35073e+00,8.80317e+00,1.02912e+01,1.43278e+01,1.53197e+01
462,8.44257e+00,8.35357e+00,8.80604e+00,1.02941e+01,1.43309e+01,1.53229e+01
463,8.43842e+00,8.34942e+00,8.80185e+00,1.02898e+01,1.43263e+01,1.53182e+01
464,8.42298e+00,8.33400e+00,8.78634e+00,1.02740e+01,1.43097e+01,1.53013e+01
465,8.40264e+00,8.31369e+00,8.76590e+00,1.02531e+01,1.42876e+01,1.52790e+01
466,8.38813e+00,8.29920e+00,8.75131e+00,1.02382e+01,1.42719e+01,1.52631e+01
467,8.38489e+00,8.29596e+00,8.74805e+00,1.02349e+01,1.42683e+01,1.52595e+01
468,8.38787e+00,8.29894e+00,8.75105e+00,1.02380e+01,1.42716e+01,1.52628e+01
469,8.38656e+00,8.29763e+00,8.74973e+00,1.02366e+01,1.42702e+01,1.52613e+01
470,8.37411e+00,8.28520e+00,8.73722e+00,1.02238e+01,1.42567e+01,1.52477e+01
471,8.35411e+00,8.26522e+00,8.71712e+00,1.02033e+01,1.42350e+01,1.52257e+01
472,8.33701e+00,8.24815e+00,8.69993e+00,1.01858e+01,1.42165e+01,1.52069e+01
473,8.33070e+00,8.24184e+00,8.69358e+00,1.01792e+01,1.42096e+01,1.51999e+01
474,8.33288e+00,8.24402e+00,8.69578e+00,1.01815e+01,1.42120e+01,1.52024e+01
475,8.33384e+00,8.24498e+00,8.69674e+00,1.01825e+01,1.42130e+01,1.52035e+01
476,8.32468e+00,8.23583e+00,8.68753e+00,1.01731e+01,1.42031e+01,1.51934e+01
477,8.30592e+00,8.21709e+00,8.66868e+00,1.01538e+01,1.41828e+01,1.51728e+01
478,8.28692e+00,8.19811e+00,8.64958e+00,1.01343e+01,1.41622e+01,1.51519e+01
479,8.27724e+00,8.18845e+00,8.63985e+00,1.01244e+01,1.41517e+01,1.51413e+01
480,8.27788e+00,8.18909e+00,8.64049e+00,1.01251e+01,1.41524e+01,1.51420e+01
481,8.28034e+00,8.19154e+00,8.64297e+00,1.01276e+01,1.41551e+01,1.51447e+01
482,8.27457e+00,8.18578e+00,8.63716e+00,1.01216e+01,1.41487e+01,1.51383e+01
483,8.25779e+00,8.16903e+00,8.62030e+00,1.01044e+01,1.41306e+01,1.51199e+01
484,8.23771e+00,8.14897e+00,8.60012e+00,1.00838e+01,1.41089e+01,1.50979e+01
485,8.22483e+00,8.13611e+00,8.58717e+00,1.00706e+01,1.40949e+01,1.50838e+01
486,8.22313e+00,8.13441e+00,8.58546e+00,1.00689e+01,1.40930e+01,1.50819e+01
487,8.22621e+00,8.13748e+00,8.58856e+00,1.00720e+01,1.40964e+01,1.50853e+01
488,8.22350e+00,8.13478e+00,8.58584e+00,1.00692e+01,1.40934e+01,1.50823e+01
489,8.20947e+00,8.12076e+00,8.57173e+00,1.00549e+01,1.40782e+01,1.50669e+01
490,8.18922e+00,8.10054e+00,8.55138e+00,1.00341e+01,1.40563e+01,1.50447e+01
491,8.17348e+00,8.08482e+00,8.53556e+00,1.00179e+01,1.40392e+01,1.50274e+01
492,8.16889e+00,8.08024e+00,8.53094e+00,1.00132e+01,1.40342e+01,1.50223e+01
493,8.17167e+00,8.08301e+00,8.53374e+00,1.00161e+01,1.40373e+01,1.50254e+01
494,8.17156e+00,8.08290e+00,8.53363e+00,1.00159e+01,1.40372e+01,1.50253e+01
495,8.16068e+00,8.07204e+00,8.52269e+00,1.00048e+01,1.40254e+01,1.50133e+01
496,8.14121e+00,8.05259e+00,8.50312e+00,9.98480e+00,1.40043e+01,1.49919e+01
497,8.12317e+00,8.03458e+00,8.48499e+00,9.96629e+00,1.39847e+01,1.49721e+01
498,8.11531e+00,8.02672e+00,8.47708e+00,9.95822e+00,1.39762e+01,1.49635e+01
499,8.11696e+00,8.02837e+00,8.47875e+00,9.95992e+00,1.39780e+01,1.49653e+01
500,8.11878e+00,8.03019e+00,8.48057e+00,9.96179e+00,1.39800e+01,1.49673e+01
