# Radius per segment (in mm): 60.0, 30.0, 10.0, 60.0, 60.0
Timestep,Temp_Node_1,Temp_Node_2,Temp_Node_3,Temp_Node_4,Temp_Node_5,Temp_Node_6
0,2.00000e+01,2.00000e+01,2.00000e+01,2.00000e+01,2.00000e+01,2.00000e+01
1,8.25726e+00,8.16849e+00,9.14605e+00,1.93308e+01,1.97337e+01,1.99956e+01
2,8.25612e+00,8.16736e+00,9.14490e+00,1.93294e+01,1.97323e+01,1.99942e+01
3,8.25653e+00,8.16776e+00,9.14531e+00,1.93299e+01,1.97328e+01,1.99947e+01
4,8.25605e+00,8.16728e+00,9.14482e+00,1.93294e+01,1.97322e+01,1.99942e+01
5,8.25301e+00,8.16425e+00,9.14174e+00,1.93258e+01,1.97287e+01,1.99906e+01
6,8.24810e+00,8.15935e+00,9.13677e+00,1.93201e+01,1.97229e+01,1.99848e+01
7,8.24371e+00,8.15497e+00,9.13233e+00,1.93150e+01,1.97178e+01,1.99797e+01
8,8.24177e+00,8.15303e+00,9.13036e+00,1.93128e+01,1.97156e+01,1.99775e+01
9,8.24195e+00,8.15320e+00,9.13055e+00,1.93130e+01,1.97158e+01,1.99777e+01
10,8.24197e+00,8.15322e+00,9.13056e+00,1.93131e+01,1.97159e+01,1.99777e+01
11,8.23970e+00,8.15095e+00,9.12826e+00,1.93104e+01,1.97132e+01,1.99750e+01
12,8.23512e+00,8.14638e+00,9.12362e+00,1.93050e+01,1.97078e+01,1.99696e+01
13,8.23032e+00,8.14159e+00,9.11876e+00,1.92995e+01,1.97022e+01,1.99640e+01
14,8.22761e+00,8.13888e+00,9.11602e+00,1.92964e+01,1.96991e+01,1.99609e+01
15,8.22736e+00,8.13863e+00,9.11578e+00,1.92962e+01,1.96989e+01,1.99607e+01
16,8.22770e+00,8.13897e+00,9.11611e+00,1.92965e+01,1.96993e+01,1.99611e+01
17,8.22619e+00,8.13746e+00,9.11458e+00,1.92948e+01,1.96975e+01,1.99593e+01
18,8.22212e+00,8.13340e+00,9.11046e+00,1.92900e+01,1.96927e+01,1.99545e+01
19,8.21712e+00,8.12840e+00,9.10539e+00,1.92842e+01,1.96868e+01,1.99486e+01
20,8.21367e+00,8.12496e+00,9.10190e+00,1.92802e+01,1.96829e+01,1.99446e+01
21,8.21283e+00,8.12412e+00,9.10106e+00,1.92793e+01,1.96819e+01,1.99437e+01
22,8.21327e+00,8.12456e+00,9.10151e+00,1.92798e+01,1.96825e+01,1.99442e+01
23,8.21247e+00,8.12376e+00,9.10069e+00,1.92789e+01,1.96815e+01,1.99433e+01
24,8.20905e+00,8.12034e+00,9.09722e+00,1.92749e+01,1.96775e+01,1.99392e+01
25,8.20405e+00,8.11535e+00,9.09216e+00,1.92691e+01,1.96716e+01,1.99333e+01
26,8.19996e+00,8.11126e+00,9.08802e+00,1.92643e+01,1.96669e+01,1.99286e+01
27,8.19842e+00,8.10973e+00,9.08646e+00,1.92626e+01,1.96652e+01,1.99268e+01
28,8.19875e+00,8.11005e+00,9.08680e+00,1.92630e+01,1.96656e+01,1.99273e+01
29,8.19852e+00,8.10983e+00,9.08657e+00,1.92628e+01,1.96653e+01,1.99270e+01
30,8.19585e+00,8.10716e+00,9.08386e+00,1.92596e+01,1.96621e+01,1.99238e+01
31,8.19107e+00,8.10239e+00,9.07902e+00,1.92540e+01,1.96565e+01,1.99182e+01
32,8.18647e+00,8.09780e+00,9.07436e+00,1.92487e+01,1.96512e+01,1.99128e+01
33,8.18417e+00,8.09550e+00,9.07204e+00,1.92461e+01,1.96486e+01,1.99102e+01
34,8.18418e+00,8.09550e+00,9.07205e+00,1.92462e+01,1.96486e+01,1.99102e+01
35,8.18437e+00,8.09570e+00,9.07224e+00,1.92464e+01,1.96488e+01,1.99105e+01
36,8.18247e+00,8.09380e+00,9.07031e+00,1.92441e+01,1.96466e+01,1.99082e+01
37,8.17811e+00,8.08944e+00,9.06589e+00,1.92390e+01,1.96415e+01,1.99031e+01
38,8.17319e+00,8.08454e+00,9.06092e+00,1.92333e+01,1.96357e+01,1.98973e+01
39,8.17013e+00,8.08148e+00,9.05782e+00,1.92298e+01,1.96322e+01,1.98938e+01
40,8.16963e+00,8.08098e+00,9.05732e+00,1.92293e+01,1.96317e+01,1.98932e+01
41,8.17005e+00,8.08139e+00,9.05773e+00,1.92298e+01,1.96322e+01,1.98937e+01
42,8.16888e+00,8.08023e+00,9.05656e+00,1.92284e+01,1.96308e+01,1.98924e+01
43,8.16511e+00,8.07646e+00,9.05273e+00,1.92240e+01,1.96263e+01,1.98879e+01
44,8.16008e+00,8.07144e+00,9.04764e+00,1.92182e+01,1.96205e+01,1.98820e+01
45,8.15632e+00,8.06768e+00,9.04383e+00,1.92138e+01,1.96161e+01,1.98776e+01
46,8.15517e+00,8.06654e+00,9.04267e+00,1.92125e+01,1.96148e+01,1.98763e+01
47,8.15559e+00,8.06695e+00,9.04310e+00,1.92131e+01,1.96153e+01,1.98769e+01
48,8.15508e+00,8.06644e+00,9.04258e+00,1.92125e+01,1.96147e+01,1.98762e+01
49,8.15201e+00,8.06337e+00,9.03946e+00,1.92088e+01,1.96111e+01,1.98726e+01
50,8.14709e+00,8.05846e+00,9.03448e+00,1.92031e+01,1.96053e+01,1.98668e+01
51,8.14274e+00,8.05412e+00,9.03008e+00,1.91981e+01,1.96003e+01,1.98618e+01
52,8.14085e+00,8.05224e+00,9.02817e+00,1.91960e+01,1.95982e+01,1.98596e+01
53,8.14106e+00,8.05244e+00,9.02838e+00,1.91962e+01,1.95984e+01,1.98599e+01
54,8.14106e+00,8.05244e+00,9.02838e+00,1.91962e+01,1.95984e+01,1.98599e+01
55,8.13875e+00,8.05013e+00,9.02604e+00,1.91935e+01,1.95957e+01,1.98571e+01
56,8.13415e+00,8.04554e+00,9.02137e+00,1.91881e+01,1.95903e+01,1.98517e+01
57,8.12938e+00,8.04077e+00,9.01655e+00,1.91826e+01,1.95847e+01,1.98462e+01
58,8.12672e+00,8.03812e+00,9.01386e+00,1.91796e+01,1.95817e+01,1.98431e+01
59,8.12651e+00,8.03791e+00,9.01365e+00,1.91794e+01,1.95815e+01,1.98429e+01
60,8.12684e+00,8.03824e+00,9.01398e+00,1.91798e+01,1.95819e+01,1.98433e+01
61,8.12530e+00,8.03670e+00,9.01242e+00,1.91779e+01,1.95801e+01,1.98415e+01
62,8.12120e+00,8.03260e+00,9.00826e+00,1.91732e+01,1.95752e+01,1.98366e+01
63,8.11621e+00,8.02762e+00,9.00321e+00,1.91674e+01,1.95694e+01,1.98308e+01
64,8.11281e+00,8.02423e+00,8.99977e+00,1.91635e+01,1.95655e+01,1.98268e+01
65,8.11202e+00,8.02344e+00,8.99898e+00,1.91626e+01,1.95646e+01,1.98260e+01
66,8.11247e+00,8.02388e+00,8.99943e+00,1.91631e+01,1.95652e+01,1.98265e+01
67,8.11163e+00,8.02305e+00,8.99858e+00,1.91621e+01,1.95642e+01,1.98255e+01
68,8.10818e+00,8.01960e+00,8.99508e+00,1.91581e+01,1.95601e+01,1.98214e+01
69,8.10318e+00,8.01461e+00,8.99002e+00,1.91523e+01,1.95542e+01,1.98156e+01
70,8.09913e+00,8.01056e+00,8.98592e+00,1.91476e+01,1.95495e+01,1.98108e+01
71,8.09765e+00,8.00908e+00,8.98442e+00,1.91459e+01,1.95479e+01,1.98092e+01
72,8.09799e+00,8.00943e+00,8.98477e+00,1.91464e+01,1.95483e+01,1.98096e+01
73,8.09774e+00,8.00918e+00,8.98452e+00,1.91461e+01,1.95480e+01,1.98093e+01
74,8.09503e+00,8.00647e+00,8.98177e+00,1.91429e+01,1.95448e+01,1.98061e+01
75,8.09024e+00,8.00168e+00,8.97691e+00,1.91373e+01,1.95392e+01,1.98005e+01
76,8.08568e+00,7.99713e+00,8.97229e+00,1.91320e+01,1.95339e+01,1.97951e+01
77,8.08343e+00,7.99488e+00,8.97002e+00,1.91295e+01,1.95313e+01,1.97926e+01
78,8.08347e+00,7.99492e+00,8.97006e+00,1.91296e+01,1.95314e+01,1.97927e+01
79,8.08365e+00,7.99510e+00,8.97025e+00,1.91298e+01,1.95316e+01,1.97929e+01
80,8.08171e+00,7.99316e+00,8.96828e+00,1.91275e+01,1.95293e+01,1.97906e+01
81,8.07732e+00,7.98878e+00,8.96383e+00,1.91224e+01,1.95242e+01,1.97854e+01
82,8.07243e+00,7.98390e+00,8.95888e+00,1.91167e+01,1.95185e+01,1.97797e+01
83,8.06942e+00,7.98089e+00,8.95584e+00,1.91132e+01,1.95150e+01,1.97762e+01
84,8.06896e+00,7.98043e+00,8.95538e+00,1.91128e+01,1.95145e+01,1.97757e+01
85,8.06938e+00,7.98085e+00,8.95580e+00,1.91132e+01,1.95150e+01,1.97762e+01
86,8.06818e+00,7.97965e+00,8.95458e+00,1.91118e+01,1.95136e+01,1.97748e+01
87,8.06437e+00,7.97585e+00,8.95072e+00,1.91074e+01,1.95091e+01,1.97703e+01
88,8.05935e+00,7.97084e+00,8.94564e+00,1.91015e+01,1.95032e+01,1.97644e+01
89,8.05564e+00,7.96713e+00,8.94188e+00,1.90973e+01,1.94989e+01,1.97601e+01
90,8.05454e+00,7.96603e+00,8.94077e+00,1.90960e+01,1.94977e+01,1.97589e+01
91,8.05497e+00,7.96646e+00,8.94121e+00,1.90966e+01,1.94983e+01,1.97594e+01
92,8.05443e+00,7.96592e+00,8.94066e+00,1.90959e+01,1.94976e+01,1.97587e+01
93,8.05132e+00,7.96281e+00,8.93750e+00,1.90923e+01,1.94939e+01,1.97550e+01
94,8.04639e+00,7.95789e+00,8.93251e+00,1.90865e+01,1.94882e+01,1.97493e+01
95,8.04209e+00,7.95359e+00,8.92815e+00,1.90816e+01,1.94832e+01,1.97442e+01
96,8.04026e+00,7.95176e+00,8.92630e+00,1.90795e+01,1.94811e+01,1.97422e+01
97,8.04049e+00,7.95199e+00,8.92654e+00,1.90798e+01,1.94814e+01,1.97425e+01
98,8.04046e+00,7.95197e+00,8.92652e+00,1.90798e+01,1.94814e+01,1.97424e+01
99,8.03811e+00,7.94962e+00,8.92413e+00,1.90770e+01,1.94786e+01,1.97397e+01
100,8.03350e+00,7.94501e+00,8.91945e+00,1.90716e+01,1.94732e+01,1.97342e+01
101,8.02876e+00,7.94028e+00,8.91465e+00,1.90661e+01,1.94677e+01,1.97287e+01
102,8.02615e+00,7.93768e+00,8.91202e+00,1.90632e+01,1.94647e+01,1.97257e+01
103,8.02598e+00,7.93751e+00,8.91186e+00,1.90630e+01,1.94645e+01,1.97255e+01
104,8.02630e+00,7.93783e+00,8.91218e+00,1.90634e+01,1.94649e+01,1.97259e+01
105,8.02472e+00,7.93625e+00,8.91057e+00,1.90615e+01,1.94630e+01,1.97240e+01
106,8.02059e+00,7.93212e+00,8.90639e+00,1.90567e+01,1.94582e+01,1.97192e+01
107,8.01562e+00,7.92716e+00,8.90135e+00,1.90509e+01,1.94524e+01,1.97133e+01
108,8.01227e+00,7.92381e+00,8.89796e+00,1.90471e+01,1.94485e+01,1.97095e+01
109,8.01153e+00,7.92308e+00,8.89722e+00,1.90463e+01,1.94477e+01,1.97087e+01
110,8.01198e+00,7.92353e+00,8.89768e+00,1.90468e+01,1.94482e+01,1.97092e+01
111,8.01111e+00,7.92266e+00,8.89679e+00,1.90458e+01,1.94472e+01,1.97082e+01
112,8.00762e+00,7.91917e+00,8.89326e+00,1.90417e+01,1.94431e+01,1.97040e+01
113,8.00262e+00,7.91418e+00,8.88819e+00,1.90359e+01,1.94372e+01,1.96982e+01
114,7.99862e+00,7.91018e+00,8.88414e+00,1.90313e+01,1.94326e+01,1.96935e+01
115,7.99719e+00,7.90875e+00,8.88270e+00,1.90296e+01,1.94310e+01,1.96919e+01
116,7.99755e+00,7.90911e+00,8.88307e+00,1.90301e+01,1.94315e+01,1.96924e+01
117,7.99728e+00,7.90884e+00,8.88279e+00,1.90298e+01,1.94311e+01,1.96920e+01
118,7.99453e+00,7.90609e+00,8.88000e+00,1.90265e+01,1.94279e+01,1.96888e+01
119,7.98972e+00,7.90130e+00,8.87513e+00,1.90209e+01,1.94222e+01,1.96831e+01
120,7.98520e+00,7.89677e+00,8.87055e+00,1.90157e+01,1.94170e+01,1.96778e+01
121,7.98301e+00,7.89459e+00,8.86833e+00,1.90132e+01,1.94145e+01,1.96753e+01
122,7.98308e+00,7.89465e+00,8.86841e+00,1.90133e+01,1.94146e+01,1.96755e+01
123,7.98324e+00,7.89482e+00,8.86858e+00,1.90135e+01,1.94148e+01,1.96757e+01
124,7.98126e+00,7.89284e+00,8.86656e+00,1.90112e+01,1.94124e+01,1.96733e+01
125,7.97685e+00,7.88844e+00,8.86210e+00,1.90060e+01,1.94073e+01,1.96681e+01
126,7.97198e+00,7.88357e+00,8.85716e+00,1.90004e+01,1.94016e+01,1.96624e+01
127,7.96903e+00,7.88062e+00,8.85418e+00,1.89970e+01,1.93982e+01,1.96590e+01
128,7.96861e+00,7.88021e+00,8.85376e+00,1.89966e+01,1.93978e+01,1.96586e+01
129,7.96902e+00,7.88062e+00,8.85418e+00,1.89971e+01,1.93983e+01,1.96591e+01
130,7.96779e+00,7.87939e+00,8.85293e+00,1.89956e+01,1.93968e+01,1.96576e+01
131,7.96395e+00,7.87555e+00,8.84903e+00,1.89911e+01,1.93923e+01,1.96530e+01
132,7.95894e+00,7.87055e+00,8.84396e+00,1.89853e+01,1.93864e+01,1.96472e+01
133,7.95527e+00,7.86689e+00,8.84025e+00,1.89811e+01,1.93822e+01,1.96429e+01
134,7.95423e+00,7.86584e+00,8.83919e+00,1.89799e+01,1.93810e+01,1.96418e+01
135,7.95467e+00,7.86628e+00,8.83964e+00,1.89805e+01,1.93816e+01,1.96423e+01
136,7.95410e+00,7.86571e+00,8.83906e+00,1.89798e+01,1.93809e+01,1.96416e+01
137,7.95095e+00,7.86257e+00,8.83587e+00,1.89761e+01,1.93772e+01,1.96379e+01
138,7.94602e+00,7.85765e+00,8.83087e+00,1.89703e+01,1.93714e+01,1.96321e+01
139,7.94175e+00,7.85338e+00,8.82655e+00,1.89654e+01,1.93664e+01,1.96271e+01
140,7.93997e+00,7.85161e+00,8.82476e+00,1.89634e+01,1.93644e+01,1.96251e+01
141,7.94023e+00,7.85186e+00,8.82502e+00,1.89638e+01,1.93648e+01,1.96254e+01
142,7.94019e+00,7.85182e+00,8.82498e+00,1.89637e+01,1.93647e+01,1.96254e+01
143,7.93780e+00,7.84943e+00,8.82255e+00,1.89609e+01,1.93619e+01,1.96225e+01
144,7.93316e+00,7.84480e+00,8.81786e+00,1.89555e+01,1.93564e+01,1.96171e+01
145,7.92845e+00,7.84010e+00,8.81309e+00,1.89500e+01,1.93510e+01,1.96116e+01
146,7.92590e+00,7.83756e+00,8.81051e+00,1.89471e+01,1.93480e+01,1.96087e+01
147,7.92577e+00,7.83742e+00,8.81038e+00,1.89470e+01,1.93479e+01,1.96086e+01
148,7.92608e+00,7.83773e+00,8.81070e+00,1.89474e+01,1.93483e+01,1.96089e+01
149,7.92446e+00,7.83611e+00,8.80905e+00,1.89455e+01,1.93464e+01,1.96070e+01
150,7.92030e+00,7.83196e+00,8.80484e+00,1.89406e+01,1.93415e+01,1.96021e+01
151,7.91535e+00,7.82701e+00,8.79981e+00,1.89348e+01,1.93357e+01,1.95963e+01
152,7.91205e+00,7.82372e+00,8.79648e+00,1.89311e+01,1.93319e+01,1.95925e+01
153,7.91136e+00,7.82303e+00,8.79579e+00,1.89303e+01,1.93312e+01,1.95917e+01
154,7.91182e+00,7.82348e+00,8.79625e+00,1.89309e+01,1.93317e+01,1.95923e+01
155,7.91091e+00,7.82258e+00,8.79533e+00,1.89298e+01,1.93306e+01,1.95912e+01
156,7.90738e+00,7.81906e+00,8.79176e+00,1.89257e+01,1.93265e+01,1.95870e+01
157,7.90239e+00,7.81407e+00,8.78670e+00,1.89198e+01,1.93206e+01,1.95812e+01
158,7.89843e+00,7.81011e+00,8.78269e+00,1.89153e+01,1.93160e+01,1.95766e+01
159,7.89705e+00,7.80874e+00,8.78130e+00,1.89137e+01,1.93145e+01,1.95750e+01
160,7.89744e+00,7.80912e+00,8.78169e+00,1.89142e+01,1.93150e+01,1.95755e+01
161,7.89714e+00,7.80882e+00,8.78139e+00,1.89139e+01,1.93146e+01,1.95751e+01
162,7.89434e+00,7.80603e+00,8.77855e+00,1.89106e+01,1.93113e+01,1.95718e+01
163,7.88953e+00,7.80122e+00,8.77367e+00,1.89050e+01,1.93057e+01,1.95662e+01
164,7.88503e+00,7.79674e+00,8.76912e+00,1.88998e+01,1.93005e+01,1.95609e+01
165,7.88290e+00,7.79461e+00,8.76697e+00,1.88974e+01,1.92980e+01,1.95585e+01
166,7.88300e+00,7.79471e+00,8.76707e+00,1.88975e+01,1.92982e+01,1.95586e+01
167,7.88315e+00,7.79486e+00,8.76723e+00,1.88977e+01,1.92984e+01,1.95588e+01
168,7.88113e+00,7.79284e+00,8.76517e+00,1.88953e+01,1.92960e+01,1.95564e+01
169,7.87670e+00,7.78841e+00,8.76069e+00,1.88901e+01,1.92908e+01,1.95512e+01
170,7.87185e+00,7.78357e+00,8.75577e+00,1.88845e+01,1.92851e+01,1.95455e+01
171,7.86895e+00,7.78067e+00,8.75284e+00,1.88812e+01,1.92818e+01,1.95422e+01
172,7.86858e+00,7.78030e+00,8.75247e+00,1.88808e+01,1.92814e+01,1.95418e+01
173,7.86899e+00,7.78071e+00,8.75288e+00,1.88813e+01,1.92819e+01,1.95423e+01
174,7.86772e+00,7.77944e+00,8.75159e+00,1.88798e+01,1.92804e+01,1.95408e+01
175,7.86384e+00,7.77557e+00,8.74767e+00,1.88753e+01,1.92758e+01,1.95362e+01
176,7.85884e+00,7.77058e+00,8.74260e+00,1.88695e+01,1.92700e+01,1.95303e+01
177,7.85523e+00,7.76696e+00,8.73894e+00,1.88653e+01,1.92658e+01,1.95261e+01
178,7.85423e+00,7.76597e+00,8.73794e+00,1.88642e+01,1.92647e+01,1.95250e+01
179,7.85468e+00,7.76642e+00,8.73840e+00,1.88647e+01,1.92653e+01,1.95256e+01
180,7.85408e+00,7.76582e+00,8.73779e+00,1.88640e+01,1.92645e+01,1.95249e+01
181,7.85089e+00,7.76264e+00,8.73455e+00,1.88603e+01,1.92608e+01,1.95211e+01
182,7.84596e+00,7.75771e+00,8.72956e+00,1.88545e+01,1.92550e+01,1.95153e+01
183,7.84173e+00,7.75349e+00,8.72528e+00,1.88497e+01,1.92501e+01,1.95104e+01
184,7.84001e+00,7.75177e+00,8.72354e+00,1.88477e+01,1.92481e+01,1.95084e+01
185,7.84029e+00,7.75205e+00,8.72382e+00,1.88481e+01,1.92485e+01,1.95088e+01
186,7.84023e+00,7.75199e+00,8.72376e+00,1.88480e+01,1.92484e+01,1.95087e+01
187,7.83780e+00,7.74956e+00,8.72130e+00,1.88451e+01,1.92456e+01,1.95058e+01
188,7.83315e+00,7.74491e+00,8.71658e+00,1.88397e+01,1.92401e+01,1.95004e+01
189,7.82846e+00,7.74024e+00,8.71184e+00,1.88343e+01,1.92346e+01,1.94949e+01
190,7.82597e+00,7.73775e+00,8.70932e+00,1.88315e+01,1.92318e+01,1.94920e+01
191,7.82588e+00,7.73765e+00,8.70923e+00,1.88314e+01,1.92317e+01,1.94920e+01
192,7.82618e+00,7.73795e+00,8.70953e+00,1.88318e+01,1.92321e+01,1.94923e+01
193,7.82452e+00,7.73629e+00,8.70785e+00,1.88298e+01,1.92301e+01,1.94903e+01
194,7.82033e+00,7.73212e+00,8.70361e+00,1.88249e+01,1.92252e+01,1.94854e+01
195,7.81539e+00,7.72718e+00,8.69860e+00,1.88192e+01,1.92194e+01,1.94796e+01
196,7.81215e+00,7.72394e+00,8.69532e+00,1.88154e+01,1.92157e+01,1.94759e+01
197,7.81150e+00,7.72329e+00,8.69467e+00,1.88148e+01,1.92150e+01,1.94752e+01
198,7.81196e+00,7.72376e+00,8.69514e+00,1.88153e+01,1.92156e+01,1.94757e+01
199,7.81102e+00,7.72282e+00,8.69419e+00,1.88142e+01,1.92144e+01,1.94746e+01
200,7.80746e+00,7.71926e+00,8.69058e+00,1.88100e+01,1.92102e+01,1.94704e+01
201,7.80247e+00,7.71427e+00,8.68552e+00,1.88042e+01,1.92044e+01,1.94645e+01
202,7.79855e+00,7.71036e+00,8.68155e+00,1.87997e+01,1.91999e+01,1.94600e+01
203,7.79723e+00,7.70904e+00,8.68022e+00,1.87982e+01,1.91984e+01,1.94585e+01
204,7.79763e+00,7.70944e+00,8.68063e+00,1.87987e+01,1.91989e+01,1.94590e+01
205,7.79731e+00,7.70912e+00,8.68030e+00,1.87983e+01,1.91985e+01,1.94586e+01
206,7.79447e+00,7.70629e+00,8.67742e+00,1.87950e+01,1.91951e+01,1.94553e+01
207,7.78965e+00,7.70147e+00,8.67254e+00,1.87894e+01,1.91895e+01,1.94496e+01
208,7.78519e+00,7.69702e+00,8.66802e+00,1.87842e+01,1.91843e+01,1.94444e+01
209,7.78311e+00,7.69494e+00,8.66592e+00,1.87819e+01,1.91820e+01,1.94420e+01
210,7.78324e+00,7.69507e+00,8.66606e+00,1.87821e+01,1.91822e+01,1.94422e+01
211,7.78338e+00,7.69521e+00,8.66620e+00,1.87822e+01,1.91823e+01,1.94424e+01
212,7.78131e+00,7.69315e+00,8.66410e+00,1.87798e+01,1.91799e+01,1.94399e+01
213,7.77686e+00,7.68870e+00,8.65959e+00,1.87746e+01,1.91746e+01,1.94347e+01
214,7.77204e+00,7.68388e+00,8.65470e+00,1.87690e+01,1.91690e+01,1.94290e+01
215,7.76919e+00,7.68104e+00,8.65183e+00,1.87657e+01,1.91657e+01,1.94258e+01
216,7.76886e+00,7.68071e+00,8.65149e+00,1.87654e+01,1.91654e+01,1.94254e+01
217,7.76927e+00,7.68111e+00,8.65191e+00,1.87659e+01,1.91659e+01,1.94259e+01
218,7.76796e+00,7.67981e+00,8.65058e+00,1.87643e+01,1.91643e+01,1.94244e+01
219,7.76405e+00,7.67591e+00,8.64662e+00,1.87598e+01,1.91597e+01,1.94197e+01
220,7.75906e+00,7.67092e+00,8.64157e+00,1.87540e+01,1.91539e+01,1.94139e+01
221,7.75549e+00,7.66736e+00,8.63795e+00,1.87499e+01,1.91498e+01,1.94098e+01
222,7.75455e+00,7.66641e+00,8.63700e+00,1.87488e+01,1.91488e+01,1.94087e+01
223,7.75501e+00,7.66688e+00,8.63747e+00,1.87494e+01,1.91493e+01,1.94093e+01
224,7.75438e+00,7.66625e+00,8.63683e+00,1.87487e+01,1.91486e+01,1.94085e+01
225,7.75115e+00,7.66302e+00,8.63356e+00,1.87449e+01,1.91448e+01,1.94047e+01
226,7.74622e+00,7.65809e+00,8.62856e+00,1.87391e+01,1.91390e+01,1.93989e+01
227,7.74203e+00,7.65391e+00,8.62432e+00,1.87343e+01,1.91341e+01,1.93940e+01
228,7.74036e+00,7.65225e+00,8.62264e+00,1.87324e+01,1.91322e+01,1.93921e+01
229,7.74067e+00,7.65255e+00,8.62295e+00,1.87328e+01,1.91326e+01,1.93925e+01
230,7.74058e+00,7.65247e+00,8.62286e+00,1.87327e+01,1.91325e+01,1.93924e+01
231,7.73811e+00,7.65000e+00,8.62036e+00,1.87298e+01,1.91296e+01,1.93895e+01
232,7.73344e+00,7.64534e+00,8.61562e+00,1.87243e+01,1.91241e+01,1.93840e+01
233,7.72879e+00,7.64069e+00,8.61091e+00,1.87190e+01,1.91187e+01,1.93786e+01
234,7.72635e+00,7.63826e+00,8.60845e+00,1.87162e+01,1.91159e+01,1.93758e+01
235,7.72629e+00,7.63820e+00,8.60839e+00,1.87162e+01,1.91159e+01,1.93758e+01
236,7.72659e+00,7.63849e+00,8.60869e+00,1.87165e+01,1.91163e+01,1.93761e+01
237,7.72489e+00,7.63679e+00,8.60697e+00,1.87145e+01,1.91142e+01,1.93741e+01
238,7.72068e+00,7.63258e+00,8.60270e+00,1.87096e+01,1.91093e+01,1.93691e+01
239,7.71575e+00,7.62766e+00,8.59771e+00,1.87039e+01,1.91035e+01,1.93634e+01
240,7.71256e+00,7.62448e+00,8.59448e+00,1.87002e+01,1.90999e+01,1.93597e+01
241,7.71196e+00,7.62388e+00,8.59388e+00,1.86996e+01,1.90992e+01,1.93590e+01
242,7.71242e+00,7.62434e+00,8.59435e+00,1.87001e+01,1.90998e+01,1.93596e+01
243,7.71145e+00,7.62337e+00,8.59336e+00,1.86990e+01,1.90986e+01,1.93584e+01
244,7.70785e+00,7.61978e+00,8.58972e+00,1.86948e+01,1.90944e+01,1.93542e+01
245,7.70286e+00,7.61479e+00,8.58466e+00,1.86890e+01,1.90886e+01,1.93483e+01
246,7.69899e+00,7.61093e+00,8.58074e+00,1.86845e+01,1.90841e+01,1.93438e+01
247,7.69772e+00,7.60966e+00,8.57946e+00,1.86831e+01,1.90827e+01,1.93424e+01
248,7.69814e+00,7.61008e+00,8.57989e+00,1.86836e+01,1.90832e+01,1.93429e+01
249,7.69779e+00,7.60973e+00,8.57953e+00,1.86832e+01,1.90828e+01,1.93425e+01
250,7.69491e+00,7.60685e+00,8.57662e+00,1.86798e+01,1.90794e+01,1.93391e+01
251,7.69008e+00,7.60203e+00,8.57172e+00,1.86742e+01,1.90737e+01,1.93334e+01
252,7.68566e+00,7.59761e+00,8.56724e+00,1.86691e+01,1.90686e+01,1.93283e+01
253,7.68363e+00,7.59559e+00,8.56520e+00,1.86668e+01,1.90663e+01,1.93259e+01
254,7.68380e+00,7.59575e+00,8.56536e+00,1.86670e+01,1.90665e+01,1.93262e+01
255,7.68392e+00,7.59587e+00,8.56549e+00,1.86671e+01,1.90666e+01,1.93263e+01
256,7.68181e+00,7.59377e+00,8.56335e+00,1.86647e+01,1.90641e+01,1.93238e+01
257,7.67734e+00,7.58930e+00,8.55882e+00,1.86594e+01,1.90589e+01,1.93185e+01
258,7.67254e+00,7.58451e+00,8.55395e+00,1.86539e+01,1.90533e+01,1.93129e+01
259,7.66974e+00,7.58172e+00,8.55113e+00,1.86507e+01,1.90501e+01,1.93097e+01
260,7.66945e+00,7.58143e+00,8.55084e+00,1.86504e+01,1.90498e+01,1.93094e+01
261,7.66986e+00,7.58183e+00,8.55125e+00,1.86509e+01,1.90503e+01,1.93099e+01
262,7.66851e+00,7.58048e+00,8.54988e+00,1.86493e+01,1.90487e+01,1.93083e+01
263,7.66458e+00,7.57655e+00,8.54589e+00,1.86447e+01,1.90441e+01,1.93037e+01
264,7.65960e+00,7.57158e+00,8.54085e+00,1.86389e+01,1.90382e+01,1.92978e+01
265,7.65608e+00,7.56807e+00,8.53729e+00,1.86349e+01,1.90342e+01,1.92938e+01
266,7.65518e+00,7.56717e+00,8.53638e+00,1.86339e+01,1.90332e+01,1.92928e+01
267,7.65565e+00,7.56764e+00,8.53687e+00,1.86344e+01,1.90338e+01,1.92934e+01
268,7.65499e+00,7.56698e+00,8.53619e+00,1.86337e+01,1.90330e+01,1.92926e+01
269,7.65173e+00,7.56372e+00,8.53288e+00,1.86298e+01,1.90291e+01,1.92887e+01
270,7.64679e+00,7.55879e+00,8.52788e+00,1.86241e+01,1.90234e+01,1.92829e+01
271,7.64264e+00,7.55465e+00,8.52368e+00,1.86193e+01,1.90185e+01,1.92781e+01
272,7.64103e+00,7.55304e+00,8.52205e+00,1.86175e+01,1.90167e+01,1.92762e+01
273,7.64136e+00,7.55336e+00,8.52239e+00,1.86179e+01,1.90171e+01,1.92767e+01
274,7.64125e+00,7.55326e+00,8.52228e+00,1.86178e+01,1.90170e+01,1.92765e+01
275,7.63874e+00,7.55075e+00,8.51974e+00,1.86148e+01,1.90140e+01,1.92736e+01
276,7.63405e+00,7.54607e+00,8.51499e+00,1.86093e+01,1.90085e+01,1.92680e+01
277,7.62943e+00,7.54146e+00,8.51031e+00,1.86040e+01,1.90032e+01,1.92626e+01
278,7.62705e+00,7.53908e+00,8.50790e+00,1.86013e+01,1.90005e+01,1.92599e+01
279,7.62703e+00,7.53905e+00,8.50788e+00,1.86013e+01,1.90005e+01,1.92599e+01
280,7.62731e+00,7.53933e+00,8.50817e+00,1.86017e+01,1.90008e+01,1.92603e+01
281,7.62557e+00,7.53760e+00,8.50640e+00,1.85996e+01,1.89987e+01,1.92582e+01
282,7.62133e+00,7.53336e+00,8.50211e+00,1.85946e+01,1.89938e+01,1.92532e+01
283,7.61642e+00,7.52846e+00,8.49714e+00,1.85889e+01,1.89880e+01,1.92475e+01
284,7.61328e+00,7.52533e+00,8.49396e+00,1.85854e+01,1.89844e+01,1.92438e+01
285,7.61273e+00,7.52477e+00,8.49340e+00,1.85848e+01,1.89838e+01,1.92432e+01
286,7.61320e+00,7.52524e+00,8.49388e+00,1.85853e+01,1.89844e+01,1.92438e+01
287,7.61219e+00,7.52423e+00,8.49285e+00,1.85841e+01,1.89832e+01,1.92426e+01
288,7.60856e+00,7.52061e+00,8.48917e+00,1.85799e+01,1.89789e+01,1.92383e+01
289,7.60357e+00,7.51563e+00,8.48412e+00,1.85741e+01,1.89731e+01,1.92325e+01
290,7.59975e+00,7.51181e+00,8.48025e+00,1.85697e+01,1.89687e+01,1.92280e+01
291,7.59853e+00,7.51059e+00,8.47902e+00,1.85683e+01,1.89673e+01,1.92267e+01
292,7.59896e+00,7.51102e+00,8.47947e+00,1.85689e+01,1.89679e+01,1.92272e+01
293,7.59859e+00,7.51065e+00,8.47908e+00,1.85684e+01,1.89674e+01,1.92268e+01
294,7.59567e+00,7.50773e+00,8.47613e+00,1.85650e+01,1.89640e+01,1.92233e+01
295,7.59083e+00,7.50290e+00,8.47122e+00,1.85593e+01,1.89583e+01,1.92176e+01
296,7.58644e+00,7.49852e+00,8.46678e+00,1.85543e+01,1.89532e+01,1.92125e+01
297,7.58447e+00,7.49655e+00,8.46479e+00,1.85520e+01,1.89510e+01,1.92103e+01
298,7.58466e+00,7.49674e+00,8.46499e+00,1.85523e+01,1.89512e+01,1.92105e+01
299,7.58477e+00,7.49685e+00,8.46509e+00,1.85524e+01,1.89513e+01,1.92106e+01
300,7.58262e+00,7.49470e+00,8.46292e+00,1.85499e+01,1.89488e+01,1.92081e+01
301,7.57813e+00,7.49022e+00,8.45836e+00,1.85447e+01,1.89435e+01,1.92028e+01
302,7.57335e+00,7.48544e+00,8.45352e+00,1.85391e+01,1.89380e+01,1.91972e+01
303,7.57061e+00,7.48271e+00,8.45075e+00,1.85360e+01,1.89348e+01,1.91941e+01
304,7.57036e+00,7.48246e+00,8.45051e+00,1.85358e+01,1.89346e+01,1.91938e+01
305,7.57076e+00,7.48286e+00,8.45091e+00,1.85362e+01,1.89351e+01,1.91943e+01
306,7.56938e+00,7.48147e+00,8.44951e+00,1.85346e+01,1.89334e+01,1.91927e+01
307,7.56541e+00,7.47751e+00,8.44549e+00,1.85300e+01,1.89287e+01,1.91880e+01
308,7.56044e+00,7.47255e+00,8.44045e+00,1.85242e+01,1.89230e+01,1.91822e+01
309,7.55697e+00,7.46909e+00,8.43694e+00,1.85202e+01,1.89190e+01,1.91781e+01
310,7.55612e+00,7.46824e+00,8.43609e+00,1.85193e+01,1.89180e+01,1.91772e+01
311,7.55661e+00,7.46872e+00,8.43658e+00,1.85199e+01,1.89186e+01,1.91778e+01
312,7.55591e+00,7.46803e+00,8.43587e+00,1.85190e+01,1.89178e+01,1.91770e+01
313,7.55261e+00,7.46473e+00,8.43253e+00,1.85152e+01,1.89139e+01,1.91731e+01
314,7.54767e+00,7.45980e+00,8.42752e+00,1.85094e+01,1.89081e+01,1.91673e+01
315,7.54357e+00,7.45570e+00,8.42337e+00,1.85047e+01,1.89034e+01,1.91625e+01
316,7.54201e+00,7.45414e+00,8.42179e+00,1.85029e+01,1.89016e+01,1.91607e+01
317,7.54236e+00,7.45449e+00,8.42215e+00,1.85034e+01,1.89020e+01,1.91612e+01
318,7.54223e+00,7.45436e+00,8.42202e+00,1.85032e+01,1.89019e+01,1.91610e+01
319,7.53968e+00,7.45181e+00,8.41943e+00,1.85002e+01,1.88989e+01,1.91580e+01
320,7.53498e+00,7.44712e+00,8.41467e+00,1.84947e+01,1.88934e+01,1.91525e+01
321,7.53039e+00,7.44253e+00,8.41002e+00,1.84894e+01,1.88880e+01,1.91471e+01
322,7.52806e+00,7.44021e+00,8.40767e+00,1.84868e+01,1.88854e+01,1.91444e+01
323,7.52807e+00,7.44022e+00,8.40768e+00,1.84868e+01,1.88854e+01,1.91445e+01
324,7.52834e+00,7.44049e+00,8.40796e+00,1.84872e+01,1.88857e+01,1.91448e+01
325,7.52656e+00,7.43871e+00,8.40615e+00,1.84851e+01,1.88836e+01,1.91427e+01
326,7.52230e+00,7.43446e+00,8.40183e+00,1.84801e+01,1.88786e+01,1.91377e+01
327,7.51741e+00,7.42957e+00,8.39688e+00,1.84744e+01,1.88729e+01,1.91320e+01
328,7.51432e+00,7.42649e+00,8.39376e+00,1.84709e+01,1.88694e+01,1.91284e+01
329,7.51381e+00,7.42598e+00,8.39325e+00,1.84703e+01,1.88688e+01,1.91279e+01
330,7.51428e+00,7.42645e+00,8.39372e+00,1.84709e+01,1.88694e+01,1.91284e+01
331,7.51324e+00,7.42540e+00,8.39266e+00,1.84697e+01,1.88682e+01,1.91272e+01
332,7.50957e+00,7.42174e+00,8.38895e+00,1.84654e+01,1.88638e+01,1.91228e+01
333,7.50459e+00,7.41677e+00,8.38390e+00,1.84596e+01,1.88580e+01,1.91170e+01
334,7.50081e+00,7.41300e+00,8.38008e+00,1.84552e+01,1.88537e+01,1.91126e+01
335,7.49965e+00,7.41183e+00,8.37890e+00,1.84539e+01,1.88524e+01,1.91113e+01
336,7.50010e+00,7.41228e+00,8.37936e+00,1.84545e+01,1.88529e+01,1.91119e+01
337,7.49969e+00,7.41188e+00,8.37895e+00,1.84540e+01,1.88524e+01,1.91114e+01
338,7.49674e+00,7.40893e+00,8.37595e+00,1.84505e+01,1.88489e+01,1.91079e+01
339,7.49189e+00,7.40408e+00,8.37104e+00,1.84449e+01,1.88433e+01,1.91022e+01
340,7.48754e+00,7.39974e+00,8.36663e+00,1.84399e+01,1.88382e+01,1.90971e+01
341,7.48562e+00,7.39783e+00,8.36470e+00,1.84377e+01,1.88360e+01,1.90949e+01
342,7.48584e+00,7.39805e+00,8.36493e+00,1.84380e+01,1.88363e+01,1.90952e+01
343,7.48593e+00,7.39813e+00,8.36502e+00,1.84381e+01,1.88364e+01,1.90953e+01
344,7.48374e+00,7.39595e+00,8.36280e+00,1.84355e+01,1.88338e+01,1.90927e+01
345,7.47923e+00,7.39144e+00,8.35822e+00,1.84303e+01,1.88285e+01,1.90874e+01
346,7.47448e+00,7.38669e+00,8.35341e+00,1.84247e+01,1.88230e+01,1.90819e+01
347,7.47179e+00,7.38401e+00,8.35070e+00,1.84217e+01,1.88199e+01,1.90788e+01
348,7.47158e+00,7.38380e+00,8.35049e+00,1.84215e+01,1.88197e+01,1.90786e+01
349,7.47198e+00,7.38420e+00,8.35089e+00,1.84220e+01,1.88202e+01,1.90791e+01
350,7.47055e+00,7.38277e+00,8.34944e+00,1.84203e+01,1.88185e+01,1.90774e+01
351,7.46656e+00,7.37878e+00,8.34539e+00,1.84156e+01,1.88138e+01,1.90727e+01
352,7.46160e+00,7.37384e+00,8.34037e+00,1.84099e+01,1.88080e+01,1.90669e+01
353,7.45818e+00,7.37042e+00,8.33691e+00,1.84059e+01,1.88041e+01,1.90629e+01
354,7.45738e+00,7.36962e+00,8.33611e+00,1.84051e+01,1.88032e+01,1.90620e+01
355,7.45787e+00,7.37011e+00,8.33661e+00,1.84057e+01,1.88038e+01,1.90626e+01
356,7.45715e+00,7.36939e+00,8.33587e+00,1.84048e+01,1.88030e+01,1.90618e+01
357,7.45381e+00,7.36605e+00,8.33248e+00,1.84009e+01,1.87990e+01,1.90578e+01
358,7.44887e+00,7.36111e+00,8.32748e+00,1.83951e+01,1.87932e+01,1.90520e+01
359,7.44480e+00,7.35706e+00,8.32337e+00,1.83904e+01,1.87885e+01,1.90473e+01
360,7.44330e+00,7.35555e+00,8.32185e+00,1.83888e+01,1.87868e+01,1.90456e+01
361,7.44367e+00,7.35593e+00,8.32223e+00,1.83892e+01,1.87873e+01,1.90461e+01
362,7.44352e+00,7.35577e+00,8.32207e+00,1.83890e+01,1.87871e+01,1.90459e+01
363,7.44093e+00,7.35318e+00,8.31944e+00,1.83860e+01,1.87841e+01,1.90428e+01
364,7.43621e+00,7.34848e+00,8.31467e+00,1.83805e+01,1.87785e+01,1.90372e+01
365,7.43165e+00,7.34392e+00,8.31005e+00,1.83752e+01,1.87732e+01,1.90319e+01
366,7.42938e+00,7.34166e+00,8.30776e+00,1.83726e+01,1.87706e+01,1.90293e+01
367,7.42943e+00,7.34170e+00,8.30780e+00,1.83727e+01,1.87707e+01,1.90294e+01
368,7.42969e+00,7.34196e+00,8.30807e+00,1.83731e+01,1.87711e+01,1.90298e+01
369,7.42787e+00,7.34014e+00,8.30622e+00,1.83709e+01,1.87689e+01,1.90276e+01
370,7.42358e+00,7.33586e+00,8.30187e+00,1.83659e+01,1.87639e+01,1.90225e+01
371,7.41871e+00,7.33099e+00,8.29694e+00,1.83602e+01,1.87582e+01,1.90168e+01
372,7.41567e+00,7.32796e+00,8.29387e+00,1.83568e+01,1.87547e+01,1.90133e+01
373,7.41521e+00,7.32750e+00,8.29341e+00,1.83563e+01,1.87542e+01,1.90128e+01
374,7.41568e+00,7.32797e+00,8.29389e+00,1.83569e+01,1.87548e+01,1.90134e+01
375,7.41460e+00,7.32689e+00,8.29279e+00,1.83556e+01,1.87535e+01,1.90121e+01
376,7.41090e+00,7.32319e+00,8.28904e+00,1.83512e+01,1.87491e+01,1.90077e+01
377,7.40592e+00,7.31823e+00,8.28400e+00,1.83455e+01,1.87433e+01,1.90019e+01
378,7.40219e+00,7.31450e+00,8.28022e+00,1.83412e+01,1.87390e+01,1.89976e+01
379,7.40108e+00,7.31338e+00,8.27910e+00,1.83399e+01,1.87378e+01,1.89963e+01
380,7.40154e+00,7.31385e+00,8.27957e+00,1.83405e+01,1.87383e+01,1.89969e+01
381,7.40111e+00,7.31342e+00,8.27913e+00,1.83400e+01,1.87378e+01,1.89964e+01
382,7.39811e+00,7.31043e+00,8.27609e+00,1.83365e+01,1.87343e+01,1.89929e+01
383,7.39326e+00,7.30557e+00,8.27117e+00,1.83308e+01,1.87286e+01,1.89871e+01
384,7.38894e+00,7.30127e+00,8.26681e+00,1.83258e+01,1.87236e+01,1.89821e+01
385,7.38709e+00,7.29941e+00,8.26493e+00,1.83237e+01,1.87215e+01,1.89800e+01
386,7.38733e+00,7.29966e+00,8.26518e+00,1.83241e+01,1.87218e+01,1.89804e+01
387,7.38740e+00,7.29973e+00,8.26525e+00,1.83241e+01,1.87219e+01,1.89804e+01
388,7.38517e+00,7.29750e+00,8.26299e+00,1.83215e+01,1.87193e+01,1.89778e+01
389,7.38064e+00,7.29297e+00,8.25840e+00,1.83162e+01,1.87139e+01,1.89724e+01
390,7.37591e+00,7.28825e+00,8.25361e+00,1.83108e+01,1.87084e+01,1.89669e+01
391,7.37329e+00,7.28563e+00,8.25095e+00,1.83078e+01,1.87054e+01,1.89639e+01
392,7.37311e+00,7.28546e+00,8.25079e+00,1.83076e+01,1.87053e+01,1.89638e+01
393,7.37350e+00,7.28585e+00,8.25118e+00,1.83081e+01,1.87058e+01,1.89642e+01
394,7.37204e+00,7.28438e+00,8.24970e+00,1.83063e+01,1.87040e+01,1.89625e+01
395,7.36801e+00,7.28036e+00,8.24562e+00,1.83016e+01,1.86993e+01,1.89577e+01
396,7.36307e+00,7.27543e+00,8.24061e+00,1.82959e+01,1.86935e+01,1.89519e+01
397,7.35970e+00,7.27206e+00,8.23720e+00,1.82920e+01,1.86896e+01,1.89481e+01
398,7.35895e+00,7.27131e+00,8.23644e+00,1.82912e+01,1.86888e+01,1.89472e+01
399,7.35945e+00,7.27181e+00,8.23695e+00,1.82918e+01,1.86894e+01,1.89478e+01
400,7.35869e+00,7.27105e+00,8.23618e+00,1.82909e+01,1.86885e+01,1.89469e+01
401,7.35531e+00,7.26768e+00,8.23276e+00,1.82870e+01,1.86845e+01,1.89429e+01
402,7.35037e+00,7.26274e+00,8.22775e+00,1.82812e+01,1.86787e+01,1.89371e+01
403,7.34635e+00,7.25873e+00,8.22368e+00,1.82766e+01,1.86741e+01,1.89325e+01
404,7.34490e+00,7.25728e+00,8.22222e+00,1.82750e+01,1.86725e+01,1.89308e+01
405,7.34529e+00,7.25767e+00,8.22262e+00,1.82755e+01,1.86730e+01,1.89313e+01
406,7.34512e+00,7.25750e+00,8.22244e+00,1.82752e+01,1.86727e+01,1.89311e+01
407,7.34248e+00,7.25486e+00,8.21977e+00,1.82721e+01,1.86696e+01,1.89280e+01
408,7.33776e+00,7.25014e+00,8.21498e+00,1.82666e+01,1.86641e+01,1.89224e+01
409,7.33323e+00,7.24562e+00,8.21040e+00,1.82614e+01,1.86588e+01,1.89172e+01
410,7.33101e+00,7.24341e+00,8.20816e+00,1.82589e+01,1.86563e+01,1.89146e+01
411,7.33109e+00,7.24349e+00,8.20824e+00,1.82590e+01,1.86564e+01,1.89148e+01
412,7.33134e+00,7.24373e+00,8.20849e+00,1.82593e+01,1.86567e+01,1.89151e+01
413,7.32948e+00,7.24187e+00,8.20660e+00,1.82571e+01,1.86545e+01,1.89128e+01
414,7.32516e+00,7.23757e+00,8.20223e+00,1.82521e+01,1.86495e+01,1.89077e+01
415,7.32031e+00,7.23272e+00,8.19732e+00,1.82465e+01,1.86438e+01,1.89021e+01
416,7.31733e+00,7.22975e+00,8.19430e+00,1.82430e+01,1.86404e+01,1.88986e+01
417,7.31691e+00,7.22933e+00,8.19388e+00,1.82426e+01,1.86400e+01,1.88982e+01
418,7.31738e+00,7.22980e+00,8.19436e+00,1.82432e+01,1.86405e+01,1.88988e+01
419,7.31627e+00,7.22868e+00,8.19322e+00,1.82419e+01,1.86392e+01,1.88974e+01
420,7.31253e+00,7.22495e+00,8.18944e+00,1.82375e+01,1.86348e+01,1.88930e+01
421,7.30757e+00,7.21999e+00,8.18441e+00,1.82317e+01,1.86290e+01,1.88872e+01
422,7.30388e+00,7.21631e+00,8.18068e+00,1.82275e+01,1.86247e+01,1.88829e+01
423,7.30282e+00,7.21525e+00,8.17961e+00,1.82263e+01,1.86236e+01,1.88818e+01
424,7.30330e+00,7.21573e+00,8.18010e+00,1.82269e+01,1.86242e+01,1.88824e+01
425,7.30283e+00,7.21526e+00,8.17962e+00,1.82263e+01,1.86236e+01,1.88818e+01
426,7.29980e+00,7.21223e+00,8.17655e+00,1.82228e+01,1.86200e+01,1.88782e+01
427,7.29493e+00,7.20738e+00,8.17162e+00,1.82171e+01,1.86143e+01,1.88725e+01
428,7.29066e+00,7.20311e+00,8.16729e+00,1.82122e+01,1.86094e+01,1.88675e+01
429,7.28886e+00,7.20131e+00,8.16547e+00,1.82101e+01,1.86073e+01,1.88655e+01
430,7.28913e+00,7.20158e+00,8.16575e+00,1.82105e+01,1.86077e+01,1.88658e+01
431,7.28918e+00,7.20163e+00,8.16580e+00,1.82106e+01,1.86077e+01,1.88659e+01
432,7.28691e+00,7.19936e+00,8.16350e+00,1.82079e+01,1.86050e+01,1.88632e+01
433,7.28236e+00,7.19482e+00,8.15889e+00,1.82026e+01,1.85997e+01,1.88578e+01
434,7.27766e+00,7.19012e+00,8.15413e+00,1.81971e+01,1.85942e+01,1.88523e+01
435,7.27509e+00,7.18755e+00,8.15153e+00,1.81942e+01,1.85913e+01,1.88494e+01
436,7.27495e+00,7.18742e+00,8.15140e+00,1.81941e+01,1.85912e+01,1.88493e+01
437,7.27534e+00,7.18780e+00,8.15179e+00,1.81946e+01,1.85917e+01,1.88498e+01
438,7.27383e+00,7.18630e+00,8.15026e+00,1.81928e+01,1.85899e+01,1.88480e+01
439,7.26978e+00,7.18225e+00,8.14615e+00,1.81880e+01,1.85851e+01,1.88432e+01
440,7.26485e+00,7.17733e+00,8.14116e+00,1.81823e+01,1.85794e+01,1.88374e+01
441,7.26153e+00,7.17402e+00,8.13780e+00,1.81785e+01,1.85755e+01,1.88336e+01
442,7.26083e+00,7.17331e+00,8.13709e+00,1.81778e+01,1.85748e+01,1.88328e+01
443,7.26133e+00,7.17382e+00,8.13761e+00,1.81784e+01,1.85754e+01,1.88334e+01
444,7.26054e+00,7.17302e+00,8.13680e+00,1.81774e+01,1.85744e+01,1.88325e+01
445,7.25713e+00,7.16961e+00,8.13334e+00,1.81734e+01,1.85704e+01,1.88284e+01
446,7.25219e+00,7.16468e+00,8.12834e+00,1.81677e+01,1.85646e+01,1.88226e+01
447,7.24821e+00,7.16071e+00,8.12431e+00,1.81631e+01,1.85600e+01,1.88180e+01
448,7.24681e+00,7.15931e+00,8.12290e+00,1.81615e+01,1.85585e+01,1.88165e+01
449,7.24722e+00,7.15972e+00,8.12332e+00,1.81621e+01,1.85590e+01,1.88170e+01
450,7.24703e+00,7.15952e+00,8.12312e+00,1.81618e+01,1.85587e+01,1.88167e+01
451,7.24435e+00,7.15685e+00,8.12041e+00,1.81587e+01,1.85556e+01,1.88136e+01
452,7.23961e+00,7.15212e+00,8.11560e+00,1.81531e+01,1.85500e+01,1.88080e+01
453,7.23512e+00,7.14763e+00,8.11106e+00,1.81479e+01,1.85448e+01,1.88027e+01
454,7.23296e+00,7.14547e+00,8.10887e+00,1.81455e+01,1.85423e+01,1.88003e+01
455,7.23307e+00,7.14558e+00,8.10899e+00,1.81457e+01,1.85425e+01,1.88005e+01
456,7.23330e+00,7.14582e+00,8.10923e+00,1.81459e+01,1.85428e+01,1.88007e+01
457,7.23140e+00,7.14392e+00,8.10729e+00,1.81437e+01,1.85405e+01,1.87985e+01
458,7.22706e+00,7.13959e+00,8.10290e+00,1.81386e+01,1.85354e+01,1.87934e+01
459,7.22223e+00,7.13476e+00,8.09801e+00,1.81330e+01,1.85298e+01,1.87877e+01
460,7.21931e+00,7.13184e+00,8.09505e+00,1.81297e+01,1.85265e+01,1.87843e+01
461,7.21893e+00,7.13146e+00,8.09467e+00,1.81293e+01,1.85261e+01,1.87840e+01
462,7.21940e+00,7.13193e+00,8.09515e+00,1.81299e+01,1.85266e+01,1.87845e+01
463,7.21824e+00,7.13078e+00,8.09397e+00,1.81285e+01,1.85253e+01,1.87831e+01
464,7.21448e+00,7.12702e+00,8.09016e+00,1.81241e+01,1.85208e+01,1.87787e+01
465,7.20952e+00,7.12206e+00,8.08513e+00,1.81183e+01,1.85150e+01,1.87729e+01
466,7.20588e+00,7.11843e+00,8.08146e+00,1.81142e+01,1.85108e+01,1.87687e+01
467,7.20486e+00,7.11742e+00,8.08043e+00,1.81130e+01,1.85097e+01,1.87676e+01
468,7.20536e+00,7.11791e+00,8.08093e+00,1.81136e+01,1.85103e+01,1.87682e+01
469,7.20486e+00,7.11742e+00,8.08043e+00,1.81131e+01,1.85097e+01,1.87676e+01
470,7.20179e+00,7.11435e+00,8.07732e+00,1.81094e+01,1.85061e+01,1.87639e+01
471,7.19692e+00,7.10949e+00,8.07238e+00,1.81038e+01,1.85004e+01,1.87582e+01
472,7.19269e+00,7.10526e+00,8.06810e+00,1.80989e+01,1.84955e+01,1.87533e+01
473,7.19094e+00,7.10351e+00,8.06633e+00,1.80969e+01,1.84935e+01,1.87513e+01
474,7.19124e+00,7.10381e+00,8.06664e+00,1.80973e+01,1.84939e+01,1.87517e+01
475,7.19127e+00,7.10384e+00,8.06667e+00,1.80973e+01,1.84940e+01,1.87517e+01
476,7.18896e+00,7.10153e+00,8.06432e+00,1.80946e+01,1.84912e+01,1.87490e+01
477,7.18439e+00,7.09697e+00,8.05969e+00,1.80893e+01,1.84859e+01,1.87436e+01
478,7.17972e+00,7.09230e+00,8.05496e+00,1.80839e+01,1.84804e+01,1.87381e+01
479,7.17720e+00,7.08978e+00,8.05242e+00,1.80810e+01,1.84775e+01,1.87353e+01
480,7.17710e+00,7.08969e+00,8.05232e+00,1.80810e+01,1.84775e+01,1.87352e+01
481,7.17748e+00,7.09006e+00,8.05270e+00,1.80814e+01,1.84779e+01,1.87357e+01
482,7.17593e+00,7.08852e+00,8.05114e+00,1.80796e+01,1.84761e+01,1.87338e+01
483,7.17185e+00,7.08445e+00,8.04700e+00,1.80748e+01,1.84713e+01,1.87290e+01
484,7.16694e+00,7.07954e+00,8.04202e+00,1.80691e+01,1.84656e+01,1.87232e+01
485,7.16367e+00,7.07628e+00,8.03872e+00,1.80654e+01,1.84618e+01,1.87195e+01
486,7.16301e+00,7.07562e+00,8.03806e+00,1.80647e+01,1.84611e+01,1.87188e+01
487,7.16353e+00,7.07613e+00,8.03858e+00,1.80653e+01,1.84617e+01,1.87194e+01
488,7.16270e+00,7.07530e+00,8.03774e+00,1.80643e+01,1.84607e+01,1.87184e+01
489,7.15925e+00,7.07186e+00,8.03424e+00,1.80602e+01,1.84567e+01,1.87143e+01
490,7.15431e+00,7.06692e+00,8.02924e+00,1.80545e+01,1.84509e+01,1.87085e+01
491,7.15038e+00,7.06300e+00,8.02526e+00,1.80500e+01,1.84463e+01,1.87040e+01
492,7.14903e+00,7.06165e+00,8.02390e+00,1.80485e+01,1.84448e+01,1.87024e+01
493,7.14946e+00,7.06208e+00,8.02434e+00,1.80490e+01,1.84454e+01,1.87030e+01
494,7.14924e+00,7.06186e+00,8.02411e+00,1.80487e+01,1.84451e+01,1.87027e+01
495,7.14652e+00,7.05915e+00,8.02136e+00,1.80456e+01,1.84419e+01,1.86995e+01
496,7.14177e+00,7.05440e+00,8.01654e+00,1.80400e+01,1.84363e+01,1.86939e+01
497,7.13731e+00,7.04995e+00,8.01203e+00,1.80349e+01,1.84312e+01,1.86887e+01
498,7.13521e+00,7.04785e+00,8.00990e+00,1.80325e+01,1.84288e+01,1.86863e+01
499,7.13535e+00,7.04799e+00,8.01005e+00,1.80327e+01,1.84290e+01,1.86865e+01
500,7.13557e+00,7.04821e+00,8.01027e+00,1.80330e+01,1.84292e+01,1.86868e+01
